[8] 10
[4] 7
[4 8] 7
[9] 6
[9 4] 6
[9 4 8] 6
[9 8] 6
[7] 6
[7 9] 6
[7 9 4] 6
[7 9 4 8] 6
[7 9 8] 6
[7 4] 6
[7 4 8] 6
[7 8] 6
[6] 6
[6 7] 6
[6 7 9] 6
[6 7 9 4] 6
[6 7 9 8] 6
[6 7 4] 6
[6 7 4 8] 6
[6 7 8] 6
[6 9] 6
[6 9 4] 6
[6 9 4 8] 6
[6 9 8] 6
[6 4] 6
[6 4 8] 6
[6 8] 6
[5] 6
[5 6] 6
[5 6 7] 6
[5 6 7 9] 6
[5 6 7 4] 6
[5 6 7 8] 6
[5 6 9] 6
[5 6 9 4] 6
[5 6 9 8] 6
[5 6 4] 6
[5 6 4 8] 6
[5 6 8] 6
[5 7] 6
[5 7 9] 6
[5 7 9 4] 6
[5 7 9 8] 6
[5 7 4] 6
[5 7 4 8] 6
[5 7 8] 6
[5 9] 6
[5 9 4] 6
[5 9 4 8] 6
[5 9 8] 6
[5 4] 6
[5 4 8] 6
[5 8] 6
[3] 6
[3 5] 6
[3 5 6] 6
[3 5 6 7] 6
[3 5 6 9] 6
[3 5 6 4] 6
[3 5 6 8] 6
[3 5 7] 6
[3 5 7 9] 6
[3 5 7 4] 6
[3 5 7 8] 6
[3 5 9] 6
[3 5 9 4] 6
[3 5 9 8] 6
[3 5 4] 6
[3 5 4 8] 6
[3 5 8] 6
[3 6] 6
[3 6 7] 6
[3 6 7 9] 6
[3 6 7 4] 6
[3 6 7 8] 6
[3 6 9] 6
[3 6 9 4] 6
[3 6 9 8] 6
[3 6 4] 6
[3 6 4 8] 6
[3 6 8] 6
[3 7] 6
[3 7 9] 6
[3 7 9 4] 6
[3 7 9 8] 6
[3 7 4] 6
[3 7 4 8] 6
[3 7 8] 6
[3 9] 6
[3 9 4] 6
[3 9 4 8] 6
[3 9 8] 6
[3 4] 6
[3 4 8] 6
[3 8] 6
[2] 6
[2 3] 6
[2 3 5] 6
[2 3 5 6] 6
[2 3 5 7] 6
[2 3 5 9] 6
[2 3 5 4] 6
[2 3 5 8] 6
[2 3 6] 6
[2 3 6 7] 6
[2 3 6 9] 6
[2 3 6 4] 6
[2 3 6 8] 6
[2 3 7] 6
[2 3 7 9] 6
[2 3 7 4] 6
[2 3 7 8] 6
[2 3 9] 6
[2 3 9 4] 6
[2 3 9 8] 6
[2 3 4] 6
[2 3 4 8] 6
[2 3 8] 6
[2 5] 6
[2 5 6] 6
[2 5 6 7] 6
[2 5 6 9] 6
[2 5 6 4] 6
[2 5 6 8] 6
[2 5 7] 6
[2 5 7 9] 6
[2 5 7 4] 6
[2 5 7 8] 6
[2 5 9] 6
[2 5 9 4] 6
[2 5 9 8] 6
[2 5 4] 6
[2 5 4 8] 6
[2 5 8] 6
[2 6] 6
[2 6 7] 6
[2 6 7 9] 6
[2 6 7 4] 6
[2 6 7 8] 6
[2 6 9] 6
[2 6 9 4] 6
[2 6 9 8] 6
[2 6 4] 6
[2 6 4 8] 6
[2 6 8] 6
[2 7] 6
[2 7 9] 6
[2 7 9 4] 6
[2 7 9 8] 6
[2 7 4] 6
[2 7 4 8] 6
[2 7 8] 6
[2 9] 6
[2 9 4] 6
[2 9 4 8] 6
[2 9 8] 6
[2 4] 6
[2 4 8] 6
[2 8] 6
[1] 6
[1 2] 6
[1 2 3] 6
[1 2 3 5] 6
[1 2 3 6] 6
[1 2 3 7] 6
[1 2 3 9] 6
[1 2 3 4] 6
[1 2 3 8] 6
[1 2 5] 6
[1 2 5 6] 6
[1 2 5 7] 6
[1 2 5 9] 6
[1 2 5 4] 6
[1 2 5 8] 6
[1 2 6] 6
[1 2 6 7] 6
[1 2 6 9] 6
[1 2 6 4] 6
[1 2 6 8] 6
[1 2 7] 6
[1 2 7 9] 6
[1 2 7 4] 6
[1 2 7 8] 6
[1 2 9] 6
[1 2 9 4] 6
[1 2 9 8] 6
[1 2 4] 6
[1 2 4 8] 6
[1 2 8] 6
[1 3] 6
[1 3 5] 6
[1 3 5 6] 6
[1 3 5 7] 6
[1 3 5 9] 6
[1 3 5 4] 6
[1 3 5 8] 6
[1 3 6] 6
[1 3 6 7] 6
[1 3 6 9] 6
[1 3 6 4] 6
[1 3 6 8] 6
[1 3 7] 6
[1 3 7 9] 6
[1 3 7 4] 6
[1 3 7 8] 6
[1 3 9] 6
[1 3 9 4] 6
[1 3 9 8] 6
[1 3 4] 6
[1 3 4 8] 6
[1 3 8] 6
[1 5] 6
[1 5 6] 6
[1 5 6 7] 6
[1 5 6 9] 6
[1 5 6 4] 6
[1 5 6 8] 6
[1 5 7] 6
[1 5 7 9] 6
[1 5 7 4] 6
[1 5 7 8] 6
[1 5 9] 6
[1 5 9 4] 6
[1 5 9 8] 6
[1 5 4] 6
[1 5 4 8] 6
[1 5 8] 6
[1 6] 6
[1 6 7] 6
[1 6 7 9] 6
[1 6 7 4] 6
[1 6 7 8] 6
[1 6 9] 6
[1 6 9 4] 6
[1 6 9 8] 6
[1 6 4] 6
[1 6 4 8] 6
[1 6 8] 6
[1 7] 6
[1 7 9] 6
[1 7 9 4] 6
[1 7 9 8] 6
[1 7 4] 6
[1 7 4 8] 6
[1 7 8] 6
[1 9] 6
[1 9 4] 6
[1 9 4 8] 6
[1 9 8] 6
[1 4] 6
[1 4 8] 6
[1 8] 6
[10] 4
[10 4] 1
[10 4 8] 1
[10 8] 4
[16] 3
[16 10] 3
[16 10 8] 3
[16 8] 3
[15] 3
[15 16] 3
[15 16 10] 3
[15 16 10 8] 3
[15 16 8] 3
[15 10] 3
[15 10 8] 3
[15 8] 3
[14] 3
[14 15] 3
[14 15 16] 3
[14 15 16 10] 3
[14 15 16 8] 3
[14 15 10] 3
[14 15 10 8] 3
[14 15 8] 3
[14 16] 3
[14 16 10] 3
[14 16 10 8] 3
[14 16 8] 3
[14 10] 3
[14 10 8] 3
[14 8] 3
[13] 3
[13 14] 3
[13 14 15] 3
[13 14 15 16] 3
[13 14 15 10] 3
[13 14 15 8] 3
[13 14 16] 3
[13 14 16 10] 3
[13 14 16 8] 3
[13 14 10] 3
[13 14 10 8] 3
[13 14 8] 3
[13 15] 3
[13 15 16] 3
[13 15 16 10] 3
[13 15 16 8] 3
[13 15 10] 3
[13 15 10 8] 3
[13 15 8] 3
[13 16] 3
[13 16 10] 3
[13 16 10 8] 3
[13 16 8] 3
[13 10] 3
[13 10 8] 3
[13 8] 3
[12] 3
[12 13] 3
[12 13 14] 3
[12 13 14 15] 3
[12 13 14 16] 3
[12 13 14 10] 3
[12 13 14 8] 3
[12 13 15] 3
[12 13 15 16] 3
[12 13 15 10] 3
[12 13 15 8] 3
[12 13 16] 3
[12 13 16 10] 3
[12 13 16 8] 3
[12 13 10] 3
[12 13 10 8] 3
[12 13 8] 3
[12 14] 3
[12 14 15] 3
[12 14 15 16] 3
[12 14 15 10] 3
[12 14 15 8] 3
[12 14 16] 3
[12 14 16 10] 3
[12 14 16 8] 3
[12 14 10] 3
[12 14 10 8] 3
[12 14 8] 3
[12 15] 3
[12 15 16] 3
[12 15 16 10] 3
[12 15 16 8] 3
[12 15 10] 3
[12 15 10 8] 3
[12 15 8] 3
[12 16] 3
[12 16 10] 3
[12 16 10 8] 3
[12 16 8] 3
[12 10] 3
[12 10 8] 3
[12 8] 3
[11] 3
[11 12] 3
[11 12 13] 3
[11 12 13 14] 3
[11 12 13 15] 3
[11 12 13 16] 3
[11 12 13 10] 3
[11 12 13 8] 3
[11 12 14] 3
[11 12 14 15] 3
[11 12 14 16] 3
[11 12 14 10] 3
[11 12 14 8] 3
[11 12 15] 3
[11 12 15 16] 3
[11 12 15 10] 3
[11 12 15 8] 3
[11 12 16] 3
[11 12 16 10] 3
[11 12 16 8] 3
[11 12 10] 3
[11 12 10 8] 3
[11 12 8] 3
[11 13] 3
[11 13 14] 3
[11 13 14 15] 3
[11 13 14 16] 3
[11 13 14 10] 3
[11 13 14 8] 3
[11 13 15] 3
[11 13 15 16] 3
[11 13 15 10] 3
[11 13 15 8] 3
[11 13 16] 3
[11 13 16 10] 3
[11 13 16 8] 3
[11 13 10] 3
[11 13 10 8] 3
[11 13 8] 3
[11 14] 3
[11 14 15] 3
[11 14 15 16] 3
[11 14 15 10] 3
[11 14 15 8] 3
[11 14 16] 3
[11 14 16 10] 3
[11 14 16 8] 3
[11 14 10] 3
[11 14 10 8] 3
[11 14 8] 3
[11 15] 3
[11 15 16] 3
[11 15 16 10] 3
[11 15 16 8] 3
[11 15 10] 3
[11 15 10 8] 3
[11 15 8] 3
[11 16] 3
[11 16 10] 3
[11 16 10 8] 3
[11 16 8] 3
[11 10] 3
[11 10 8] 3
[11 8] 3
[23] 1
[23 10] 1
[23 10 4] 1
[23 10 4 8] 1
[23 10 8] 1
[23 4] 1
[23 4 8] 1
[23 8] 1
[22] 1
[22 23] 1
[22 23 10] 1
[22 23 10 4] 1
[22 23 10 8] 1
[22 23 4] 1
[22 23 4 8] 1
[22 23 8] 1
[22 10] 1
[22 10 4] 1
[22 10 4 8] 1
[22 10 8] 1
[22 4] 1
[22 4 8] 1
[22 8] 1
[21] 1
[21 22] 1
[21 22 23] 1
[21 22 23 10] 1
[21 22 23 4] 1
[21 22 23 8] 1
[21 22 10] 1
[21 22 10 4] 1
[21 22 10 8] 1
[21 22 4] 1
[21 22 4 8] 1
[21 22 8] 1
[21 23] 1
[21 23 10] 1
[21 23 10 4] 1
[21 23 10 8] 1
[21 23 4] 1
[21 23 4 8] 1
[21 23 8] 1
[21 10] 1
[21 10 4] 1
[21 10 4 8] 1
[21 10 8] 1
[21 4] 1
[21 4 8] 1
[21 8] 1
[20] 1
[20 21] 1
[20 21 22] 1
[20 21 22 23] 1
[20 21 22 10] 1
[20 21 22 4] 1
[20 21 22 8] 1
[20 21 23] 1
[20 21 23 10] 1
[20 21 23 4] 1
[20 21 23 8] 1
[20 21 10] 1
[20 21 10 4] 1
[20 21 10 8] 1
[20 21 4] 1
[20 21 4 8] 1
[20 21 8] 1
[20 22] 1
[20 22 23] 1
[20 22 23 10] 1
[20 22 23 4] 1
[20 22 23 8] 1
[20 22 10] 1
[20 22 10 4] 1
[20 22 10 8] 1
[20 22 4] 1
[20 22 4 8] 1
[20 22 8] 1
[20 23] 1
[20 23 10] 1
[20 23 10 4] 1
[20 23 10 8] 1
[20 23 4] 1
[20 23 4 8] 1
[20 23 8] 1
[20 10] 1
[20 10 4] 1
[20 10 4 8] 1
[20 10 8] 1
[20 4] 1
[20 4 8] 1
[20 8] 1
[19] 1
[19 20] 1
[19 20 21] 1
[19 20 21 22] 1
[19 20 21 23] 1
[19 20 21 10] 1
[19 20 21 4] 1
[19 20 21 8] 1
[19 20 22] 1
[19 20 22 23] 1
[19 20 22 10] 1
[19 20 22 4] 1
[19 20 22 8] 1
[19 20 23] 1
[19 20 23 10] 1
[19 20 23 4] 1
[19 20 23 8] 1
[19 20 10] 1
[19 20 10 4] 1
[19 20 10 8] 1
[19 20 4] 1
[19 20 4 8] 1
[19 20 8] 1
[19 21] 1
[19 21 22] 1
[19 21 22 23] 1
[19 21 22 10] 1
[19 21 22 4] 1
[19 21 22 8] 1
[19 21 23] 1
[19 21 23 10] 1
[19 21 23 4] 1
[19 21 23 8] 1
[19 21 10] 1
[19 21 10 4] 1
[19 21 10 8] 1
[19 21 4] 1
[19 21 4 8] 1
[19 21 8] 1
[19 22] 1
[19 22 23] 1
[19 22 23 10] 1
[19 22 23 4] 1
[19 22 23 8] 1
[19 22 10] 1
[19 22 10 4] 1
[19 22 10 8] 1
[19 22 4] 1
[19 22 4 8] 1
[19 22 8] 1
[19 23] 1
[19 23 10] 1
[19 23 10 4] 1
[19 23 10 8] 1
[19 23 4] 1
[19 23 4 8] 1
[19 23 8] 1
[19 10] 1
[19 10 4] 1
[19 10 4 8] 1
[19 10 8] 1
[19 4] 1
[19 4 8] 1
[19 8] 1
[18] 1
[18 19] 1
[18 19 20] 1
[18 19 20 21] 1
[18 19 20 22] 1
[18 19 20 23] 1
[18 19 20 10] 1
[18 19 20 4] 1
[18 19 20 8] 1
[18 19 21] 1
[18 19 21 22] 1
[18 19 21 23] 1
[18 19 21 10] 1
[18 19 21 4] 1
[18 19 21 8] 1
[18 19 22] 1
[18 19 22 23] 1
[18 19 22 10] 1
[18 19 22 4] 1
[18 19 22 8] 1
[18 19 23] 1
[18 19 23 10] 1
[18 19 23 4] 1
[18 19 23 8] 1
[18 19 10] 1
[18 19 10 4] 1
[18 19 10 8] 1
[18 19 4] 1
[18 19 4 8] 1
[18 19 8] 1
[18 20] 1
[18 20 21] 1
[18 20 21 22] 1
[18 20 21 23] 1
[18 20 21 10] 1
[18 20 21 4] 1
[18 20 21 8] 1
[18 20 22] 1
[18 20 22 23] 1
[18 20 22 10] 1
[18 20 22 4] 1
[18 20 22 8] 1
[18 20 23] 1
[18 20 23 10] 1
[18 20 23 4] 1
[18 20 23 8] 1
[18 20 10] 1
[18 20 10 4] 1
[18 20 10 8] 1
[18 20 4] 1
[18 20 4 8] 1
[18 20 8] 1
[18 21] 1
[18 21 22] 1
[18 21 22 23] 1
[18 21 22 10] 1
[18 21 22 4] 1
[18 21 22 8] 1
[18 21 23] 1
[18 21 23 10] 1
[18 21 23 4] 1
[18 21 23 8] 1
[18 21 10] 1
[18 21 10 4] 1
[18 21 10 8] 1
[18 21 4] 1
[18 21 4 8] 1
[18 21 8] 1
[18 22] 1
[18 22 23] 1
[18 22 23 10] 1
[18 22 23 4] 1
[18 22 23 8] 1
[18 22 10] 1
[18 22 10 4] 1
[18 22 10 8] 1
[18 22 4] 1
[18 22 4 8] 1
[18 22 8] 1
[18 23] 1
[18 23 10] 1
[18 23 10 4] 1
[18 23 10 8] 1
[18 23 4] 1
[18 23 4 8] 1
[18 23 8] 1
[18 10] 1
[18 10 4] 1
[18 10 4 8] 1
[18 10 8] 1
[18 4] 1
[18 4 8] 1
[18 8] 1
[17] 1
[17 18] 1
[17 18 19] 1
[17 18 19 20] 1
[17 18 19 21] 1
[17 18 19 22] 1
[17 18 19 23] 1
[17 18 19 10] 1
[17 18 19 4] 1
[17 18 19 8] 1
[17 18 20] 1
[17 18 20 21] 1
[17 18 20 22] 1
[17 18 20 23] 1
[17 18 20 10] 1
[17 18 20 4] 1
[17 18 20 8] 1
[17 18 21] 1
[17 18 21 22] 1
[17 18 21 23] 1
[17 18 21 10] 1
[17 18 21 4] 1
[17 18 21 8] 1
[17 18 22] 1
[17 18 22 23] 1
[17 18 22 10] 1
[17 18 22 4] 1
[17 18 22 8] 1
[17 18 23] 1
[17 18 23 10] 1
[17 18 23 4] 1
[17 18 23 8] 1
[17 18 10] 1
[17 18 10 4] 1
[17 18 10 8] 1
[17 18 4] 1
[17 18 4 8] 1
[17 18 8] 1
[17 19] 1
[17 19 20] 1
[17 19 20 21] 1
[17 19 20 22] 1
[17 19 20 23] 1
[17 19 20 10] 1
[17 19 20 4] 1
[17 19 20 8] 1
[17 19 21] 1
[17 19 21 22] 1
[17 19 21 23] 1
[17 19 21 10] 1
[17 19 21 4] 1
[17 19 21 8] 1
[17 19 22] 1
[17 19 22 23] 1
[17 19 22 10] 1
[17 19 22 4] 1
[17 19 22 8] 1
[17 19 23] 1
[17 19 23 10] 1
[17 19 23 4] 1
[17 19 23 8] 1
[17 19 10] 1
[17 19 10 4] 1
[17 19 10 8] 1
[17 19 4] 1
[17 19 4 8] 1
[17 19 8] 1
[17 20] 1
[17 20 21] 1
[17 20 21 22] 1
[17 20 21 23] 1
[17 20 21 10] 1
[17 20 21 4] 1
[17 20 21 8] 1
[17 20 22] 1
[17 20 22 23] 1
[17 20 22 10] 1
[17 20 22 4] 1
[17 20 22 8] 1
[17 20 23] 1
[17 20 23 10] 1
[17 20 23 4] 1
[17 20 23 8] 1
[17 20 10] 1
[17 20 10 4] 1
[17 20 10 8] 1
[17 20 4] 1
[17 20 4 8] 1
[17 20 8] 1
[17 21] 1
[17 21 22] 1
[17 21 22 23] 1
[17 21 22 10] 1
[17 21 22 4] 1
[17 21 22 8] 1
[17 21 23] 1
[17 21 23 10] 1
[17 21 23 4] 1
[17 21 23 8] 1
[17 21 10] 1
[17 21 10 4] 1
[17 21 10 8] 1
[17 21 4] 1
[17 21 4 8] 1
[17 21 8] 1
[17 22] 1
[17 22 23] 1
[17 22 23 10] 1
[17 22 23 4] 1
[17 22 23 8] 1
[17 22 10] 1
[17 22 10 4] 1
[17 22 10 8] 1
[17 22 4] 1
[17 22 4 8] 1
[17 22 8] 1
[17 23] 1
[17 23 10] 1
[17 23 10 4] 1
[17 23 10 8] 1
[17 23 4] 1
[17 23 4 8] 1
[17 23 8] 1
[17 10] 1
[17 10 4] 1
[17 10 4 8] 1
[17 10 8] 1
[17 4] 1
[17 4 8] 1
[17 8] 1
