[10803] 5
[10793] 5
[10782] 5
[10771] 5
[10738] 5
[10737] 5
[10726] 5
[10694] 5
[10638] 5
[10627] 5
[10617] 5
[10616] 5
[10606] 5
[10605] 5
[10518] 5
[10462] 5
[10440] 5
[10430] 5
[10419] 5
[10385] 5
[10342] 5
[10298] 5
[10297] 5
[10275] 5
[10265] 5
[10264] 5
[10254] 5
[10243] 5
[10221] 5
[10220] 5
[10177] 5
[10166] 5
[10121] 5
[10099] 5
[10089] 5
[10078] 5
[10045] 5
[10001] 5
[9880] 5
[9726] 5
[9715] 5
[9704] 5
[9539] 5
[9374] 5
[9363] 5
[9198] 5
[9120] 5
[9065] 5
[8988] 5
[8955] 5
[8901] 5
[8900] 5
[8846] 5
[8823] 5
[8779] 5
[8725] 5
[8724] 5
[8681] 5
[8614] 5
[8560] 5
[7800] 5
[7635] 5
[7581] 5
[7580] 5
[7526] 5
[7459] 5
[7449] 5
[7416] 5
[7415] 5
[7361] 5
[7294] 5
[7284] 5
[7240] 5
[7185] 5
[7075] 5
[6315] 5
[6261] 5
[6260] 5
[6183] 5
[6150] 5
[6139] 5
[6096] 5
[6095] 5
[6041] 5
[6018] 5
[5974] 5
[5920] 5
[5919] 5
[5876] 5
[5798] 5
[5755] 5
[5523] 5
[5501] 5
[5446] 5
[5403] 5
[5402] 5
[5347] 5
[5325] 5
[5270] 5
[5238] 5
[5237] 5
[5182] 5
[5160] 5
[5105] 5
[5062] 5
[4995] 5
[4984] 5
[4830] 5
[4753] 5
[4721] 5
[4644] 5
[4643] 5
[4600] 5
[4599] 5
[4489] 5
[4380] 5
[4259] 5
[4248] 5
[4138] 5
[4137] 5
[4104] 5
[4083] 5
[4060] 5
[4005] 5
[3973] 5
[3972] 5
[3928] 5
[3896] 5
[3895] 5
[3840] 5
[3797] 5
[3796] 5
[3763] 5
[3742] 5
[3720] 5
[3687] 5
[3632] 5
[3631] 5
[3576] 5
[3555] 5
[3445] 5
[3444] 5
[3411] 5
[3367] 5
[3357] 5
[3356] 5
[3280] 5
[3279] 5
[3236] 5
[3235] 5
[3202] 5
[3192] 5
[3191] 5
[3104] 5
[3103] 5
[3071] 5
[3070] 5
[3016] 5
[2939] 5
[2938] 5
[2861] 5
[2851] 5
[2696] 5
[2597] 5
[2532] 5
[2520] 5
[2455] 5
[2432] 5
[2367] 5
[2355] 5
[2290] 5
[2179] 5
[1960] 5
[1959] 5
[1839] 5
[1838] 5
[1795] 5
[1794] 5
[1784] 5
[1783] 5
[1619] 5
[1454] 5
[1443] 5
[1333] 5
[1332] 5
[1299] 5
[1256] 5
[1255] 5
[1200] 5
[1168] 5
[1167] 5
[1123] 5
[1091] 5
[1090] 5
[1047] 5
[1035] 5
[992] 5
[991] 5
[958] 5
[915] 5
[882] 5
[827] 5
[771] 5
[750] 5
[640] 5
[606] 5
[552] 5
[551] 5
[518] 5
[507] 5
[475] 5
[431] 5
[430] 5
[397] 5
[387] 5
[342] 5
[299] 5
[266] 5
[265] 5
[211] 5
[177] 5
[166] 5
[134] 5
[56] 5
[46] 5
[45] 5
[10807] 4
[10806] 4
[10802] 4
[10801] 4
[10798] 4
[10795] 4
[10794] 4
[10792] 4
[10787] 4
[10784] 4
[10783] 4
[10781] 4
[10778] 4
[10777] 4
[10776] 4
[10770] 4
[10766] 4
[10755] 4
[10744] 4
[10743] 4
[10742] 4
[10739] 4
[10731] 4
[10730] 4
[10729] 4
[10720] 4
[10719] 4
[10718] 4
[10716] 4
[10715] 4
[10713] 4
[10710] 4
[10707] 4
[10705] 4
[10704] 4
[10699] 4
[10696] 4
[10695] 4
[10693] 4
[10688] 4
[10687] 4
[10686] 4
[10683] 4
[10669] 4
[10668] 4
[10667] 4
[10659] 4
[10649] 4
[10643] 4
[10639] 4
[10637] 4
[10636] 4
[10633] 4
[10632] 4
[10628] 4
[10622] 4
[10618] 4
[10611] 4
[10598] 4
[10595] 4
[10592] 4
[10591] 4
[10590] 4
[10579] 4
[10574] 4
[10566] 4
[10565] 4
[10564] 4
[10561] 4
[10558] 4
[10555] 4
[10554] 4
[10553] 4
[10550] 4
[10547] 4
[10539] 4
[10538] 4
[10537] 4
[10536] 4
[10535] 4
[10534] 4
[10531] 4
[10530] 4
[10529] 4
[10528] 4
[10523] 4
[10520] 4
[10519] 4
[10517] 4
[10512] 4
[10507] 4
[10502] 4
[10494] 4
[10488] 4
[10483] 4
[10478] 4
[10477] 4
[10476] 4
[10473] 4
[10467] 4
[10461] 4
[10460] 4
[10459] 4
[10458] 4
[10457] 4
[10451] 4
[10446] 4
[10443] 4
[10441] 4
[10435] 4
[10427] 4
[10426] 4
[10425] 4
[10418] 4
[10414] 4
[10408] 4
[10403] 4
[10402] 4
[10401] 4
[10398] 4
[10397] 4
[10396] 4
[10390] 4
[10389] 4
[10388] 4
[10386] 4
[10379] 4
[10374] 4
[10373] 4
[10372] 4
[10371] 4
[10370] 4
[10369] 4
[10368] 4
[10367] 4
[10366] 4
[10363] 4
[10358] 4
[10357] 4
[10356] 4
[10355] 4
[10353] 4
[10352] 4
[10350] 4
[10347] 4
[10341] 4
[10339] 4
[10331] 4
[10328] 4
[10327] 4
[10326] 4
[10318] 4
[10312] 4
[10311] 4
[10310] 4
[10299] 4
[10296] 4
[10295] 4
[10294] 4
[10293] 4
[10292] 4
[10291] 4
[10286] 4
[10281] 4
[10280] 4
[10270] 4
[10250] 4
[10249] 4
[10242] 4
[10240] 4
[10239] 4
[10238] 4
[10224] 4
[10223] 4
[10222] 4
[10213] 4
[10212] 4
[10211] 4
[10210] 4
[10209] 4
[10206] 4
[10203] 4
[10198] 4
[10195] 4
[10192] 4
[10191] 4
[10190] 4
[10187] 4
[10182] 4
[10179] 4
[10178] 4
[10176] 4
[10171] 4
[10163] 4
[10162] 4
[10161] 4
[10160] 4
[10153] 4
[10147] 4
[10142] 4
[10136] 4
[10133] 4
[10132] 4
[10131] 4
[10126] 4
[10122] 4
[10120] 4
[10119] 4
[10118] 4
[10115] 4
[10110] 4
[10109] 4
[10108] 4
[10102] 4
[10100] 4
[10091] 4
[10090] 4
[10085] 4
[10077] 4
[10075] 4
[10074] 4
[10073] 4
[10072] 4
[10071] 4
[10067] 4
[10062] 4
[10057] 4
[10056] 4
[10051] 4
[10044] 4
[10038] 4
[10033] 4
[10032] 4
[10031] 4
[10030] 4
[10027] 4
[10022] 4
[10017] 4
[10016] 4
[10015] 4
[10014] 4
[10012] 4
[10011] 4
[10003] 4
[10002] 4
[10000] 4
[9998] 4
[9995] 4
[9990] 4
[9987] 4
[9982] 4
[9981] 4
[9980] 4
[9971] 4
[9963] 4
[9957] 4
[9956] 4
[9955] 4
[9954] 4
[9953] 4
[9950] 4
[9944] 4
[9943] 4
[9940] 4
[9939] 4
[9934] 4
[9925] 4
[9924] 4
[9923] 4
[9913] 4
[9912] 4
[9907] 4
[9906] 4
[9905] 4
[9902] 4
[9899] 4
[9894] 4
[9891] 4
[9886] 4
[9883] 4
[9879] 4
[9870] 4
[9869] 4
[9868] 4
[9867] 4
[9866] 4
[9865] 4
[9862] 4
[9857] 4
[9854] 4
[9851] 4
[9846] 4
[9843] 4
[9838] 4
[9837] 4
[9836] 4
[9835] 4
[9830] 4
[9827] 4
[9826] 4
[9825] 4
[9822] 4
[9819] 4
[9814] 4
[9803] 4
[9798] 4
[9795] 4
[9792] 4
[9791] 4
[9790] 4
[9787] 4
[9786] 4
[9785] 4
[9780] 4
[9779] 4
[9774] 4
[9769] 4
[9768] 4
[9767] 4
[9766] 4
[9758] 4
[9750] 4
[9747] 4
[9737] 4
[9734] 4
[9731] 4
[9725] 4
[9721] 4
[9717] 4
[9716] 4
[9714] 4
[9710] 4
[9703] 4
[9697] 4
[9692] 4
[9691] 4
[9686] 4
[9681] 4
[9677] 4
[9676] 4
[9675] 4
[9674] 4
[9673] 4
[9670] 4
[9664] 4
[9663] 4
[9662] 4
[9657] 4
[9654] 4
[9649] 4
[9648] 4
[9646] 4
[9640] 4
[9638] 4
[9637] 4
[9635] 4
[9627] 4
[9626] 4
[9622] 4
[9619] 4
[9616] 4
[9615] 4
[9614] 4
[9606] 4
[9605] 4
[9604] 4
[9603] 4
[9600] 4
[9593] 4
[9587] 4
[9582] 4
[9576] 4
[9575] 4
[9572] 4
[9571] 4
[9566] 4
[9561] 4
[9550] 4
[9549] 4
[9546] 4
[9545] 4
[9538] 4
[9528] 4
[9527] 4
[9526] 4
[9518] 4
[9517] 4
[9516] 4
[9510] 4
[9505] 4
[9502] 4
[9499] 4
[9498] 4
[9497] 4
[9496] 4
[9495] 4
[9494] 4
[9486] 4
[9485] 4
[9484] 4
[9475] 4
[9473] 4
[9472] 4
[9470] 4
[9462] 4
[9461] 4
[9455] 4
[9454] 4
[9451] 4
[9450] 4
[9449] 4
[9446] 4
[9440] 4
[9439] 4
[9438] 4
[9435] 4
[9428] 4
[9427] 4
[9426] 4
[9425] 4
[9422] 4
[9417] 4
[9416] 4
[9415] 4
[9411] 4
[9410] 4
[9409] 4
[9406] 4
[9400] 4
[9399] 4
[9398] 4
[9397] 4
[9396] 4
[9393] 4
[9387] 4
[9385] 4
[9384] 4
[9381] 4
[9373] 4
[9370] 4
[9369] 4
[9362] 4
[9358] 4
[9352] 4
[9347] 4
[9346] 4
[9345] 4
[9342] 4
[9341] 4
[9340] 4
[9339] 4
[9336] 4
[9335] 4
[9334] 4
[9329] 4
[9324] 4
[9323] 4
[9322] 4
[9321] 4
[9320] 4
[9319] 4
[9310] 4
[9308] 4
[9307] 4
[9305] 4
[9299] 4
[9297] 4
[9296] 4
[9286] 4
[9285] 4
[9278] 4
[9275] 4
[9270] 4
[9264] 4
[9259] 4
[9252] 4
[9251] 4
[9250] 4
[9247] 4
[9246] 4
[9241] 4
[9235] 4
[9232] 4
[9231] 4
[9230] 4
[9229] 4
[9228] 4
[9221] 4
[9220] 4
[9219] 4
[9208] 4
[9197] 4
[9190] 4
[9187] 4
[9177] 4
[9176] 4
[9175] 4
[9174] 4
[9171] 4
[9170] 4
[9169] 4
[9164] 4
[9161] 4
[9160] 4
[9159] 4
[9158] 4
[9157] 4
[9156] 4
[9155] 4
[9154] 4
[9153] 4
[9150] 4
[9144] 4
[9143] 4
[9142] 4
[9139] 4
[9134] 4
[9130] 4
[9129] 4
[9123] 4
[9121] 4
[9110] 4
[9099] 4
[9094] 4
[9087] 4
[9086] 4
[9083] 4
[9082] 4
[9081] 4
[9080] 4
[9079] 4
[9076] 4
[9075] 4
[9070] 4
[9066] 4
[9062] 4
[9059] 4
[9053] 4
[9052] 4
[9051] 4
[9046] 4
[9043] 4
[9033] 4
[9032] 4
[9022] 4
[9011] 4
[9010] 4
[9006] 4
[9005] 4
[9004] 4
[8999] 4
[8998] 4
[8995] 4
[8994] 4
[8993] 4
[8989] 4
[8984] 4
[8983] 4
[8982] 4
[8979] 4
[8978] 4
[8977] 4
[8974] 4
[8971] 4
[8970] 4
[8969] 4
[8965] 4
[8964] 4
[8960] 4
[8959] 4
[8958] 4
[8956] 4
[8949] 4
[8948] 4
[8945] 4
[8944] 4
[8942] 4
[8934] 4
[8931] 4
[8930] 4
[8929] 4
[8923] 4
[8918] 4
[8911] 4
[8910] 4
[8907] 4
[8902] 4
[8897] 4
[8894] 4
[8891] 4
[8888] 4
[8887] 4
[8886] 4
[8883] 4
[8880] 4
[8879] 4
[8878] 4
[8875] 4
[8872] 4
[8871] 4
[8868] 4
[8867] 4
[8857] 4
[8856] 4
[8834] 4
[8833] 4
[8830] 4
[8824] 4
[8819] 4
[8816] 4
[8815] 4
[8814] 4
[8813] 4
[8812] 4
[8809] 4
[8803] 4
[8802] 4
[8801] 4
[8798] 4
[8795] 4
[8794] 4
[8793] 4
[8792] 4
[8784] 4
[8783] 4
[8782] 4
[8780] 4
[8769] 4
[8758] 4
[8753] 4
[8746] 4
[8745] 4
[8742] 4
[8739] 4
[8736] 4
[8735] 4
[8734] 4
[8723] 4
[8722] 4
[8721] 4
[8718] 4
[8712] 4
[8711] 4
[8710] 4
[8707] 4
[8706] 4
[8703] 4
[8702] 4
[8694] 4
[8692] 4
[8691] 4
[8675] 4
[8670] 4
[8669] 4
[8665] 4
[8654] 4
[8648] 4
[8647] 4
[8643] 4
[8638] 4
[8637] 4
[8634] 4
[8633] 4
[8632] 4
[8631] 4
[8630] 4
[8620] 4
[8619] 4
[8618] 4
[8617] 4
[8615] 4
[8608] 4
[8607] 4
[8606] 4
[8604] 4
[8603] 4
[8593] 4
[8592] 4
[8590] 4
[8584] 4
[8583] 4
[8582] 4
[8574] 4
[8573] 4
[8561] 4
[8559] 4
[8557] 4
[8554] 4
[8553] 4
[8547] 4
[8546] 4
[8543] 4
[8542] 4
[8538] 4
[8537] 4
[8534] 4
[8531] 4
[8528] 4
[8527] 4
[8526] 4
[8515] 4
[8510] 4
[8505] 4
[8504] 4
[8499] 4
[8498] 4
[8497] 4
[8486] 4
[8485] 4
[8483] 4
[8482] 4
[8478] 4
[8473] 4
[8472] 4
[8469] 4
[8461] 4
[8460] 4
[8457] 4
[8456] 4
[8455] 4
[8454] 4
[8451] 4
[8450] 4
[8449] 4
[8446] 4
[8443] 4
[8442] 4
[8441] 4
[8438] 4
[8435] 4
[8430] 4
[8427] 4
[8424] 4
[8417] 4
[8408] 4
[8401] 4
[8397] 4
[8396] 4
[8395] 4
[8384] 4
[8383] 4
[8382] 4
[8378] 4
[8377] 4
[8373] 4
[8372] 4
[8371] 4
[8370] 4
[8369] 4
[8366] 4
[8358] 4
[8353] 4
[8350] 4
[8347] 4
[8340] 4
[8339] 4
[8334] 4
[8329] 4
[8328] 4
[8320] 4
[8318] 4
[8317] 4
[8313] 4
[8307] 4
[8306] 4
[8296] 4
[8295] 4
[8291] 4
[8290] 4
[8289] 4
[8280] 4
[8279] 4
[8278] 4
[8277] 4
[8276] 4
[8273] 4
[8267] 4
[8266] 4
[8265] 4
[8262] 4
[8256] 4
[8255] 4
[8252] 4
[8251] 4
[8249] 4
[8243] 4
[8241] 4
[8240] 4
[8238] 4
[8237] 4
[8236] 4
[8232] 4
[8230] 4
[8229] 4
[8222] 4
[8221] 4
[8219] 4
[8218] 4
[8208] 4
[8207] 4
[8206] 4
[8205] 4
[8193] 4
[8187] 4
[8186] 4
[8185] 4
[8179] 4
[8178] 4
[8175] 4
[8174] 4
[8169] 4
[8168] 4
[8167] 4
[8164] 4
[8163] 4
[8158] 4
[8153] 4
[8152] 4
[8142] 4
[8141] 4
[8137] 4
[8131] 4
[8130] 4
[8128] 4
[8116] 4
[8115] 4
[8109] 4
[8108] 4
[8102] 4
[8101] 4
[8098] 4
[8097] 4
[8091] 4
[8090] 4
[8087] 4
[8086] 4
[8083] 4
[8078] 4
[8076] 4
[8075] 4
[8073] 4
[8067] 4
[8065] 4
[8064] 4
[8056] 4
[8054] 4
[8053] 4
[8048] 4
[8047] 4
[8043] 4
[8042] 4
[8041] 4
[8032] 4
[8031] 4
[8030] 4
[8029] 4
[8028] 4
[8019] 4
[8014] 4
[8013] 4
[8010] 4
[8009] 4
[8006] 4
[8003] 4
[8002] 4
[8001] 4
[8000] 4
[7999] 4
[7998] 4
[7997] 4
[7996] 4
[7990] 4
[7988] 4
[7987] 4
[7979] 4
[7977] 4
[7976] 4
[7973] 4
[7972] 4
[7971] 4
[7966] 4
[7965] 4
[7955] 4
[7954] 4
[7952] 4
[7951] 4
[7950] 4
[7945] 4
[7939] 4
[7938] 4
[7937] 4
[7933] 4
[7932] 4
[7928] 4
[7927] 4
[7926] 4
[7925] 4
[7922] 4
[7921] 4
[7915] 4
[7914] 4
[7913] 4
[7911] 4
[7910] 4
[7908] 4
[7902] 4
[7900] 4
[7899] 4
[7896] 4
[7891] 4
[7889] 4
[7888] 4
[7883] 4
[7882] 4
[7881] 4
[7880] 4
[7878] 4
[7877] 4
[7868] 4
[7867] 4
[7864] 4
[7854] 4
[7853] 4
[7845] 4
[7844] 4
[7838] 4
[7835] 4
[7834] 4
[7833] 4
[7832] 4
[7831] 4
[7827] 4
[7824] 4
[7823] 4
[7822] 4
[7811] 4
[7806] 4
[7801] 4
[7793] 4
[7792] 4
[7790] 4
[7787] 4
[7780] 4
[7776] 4
[7768] 4
[7767] 4
[7763] 4
[7762] 4
[7761] 4
[7760] 4
[7757] 4
[7756] 4
[7750] 4
[7749] 4
[7746] 4
[7745] 4
[7742] 4
[7737] 4
[7733] 4
[7732] 4
[7731] 4
[7723] 4
[7715] 4
[7713] 4
[7712] 4
[7707] 4
[7704] 4
[7703] 4
[7702] 4
[7691] 4
[7690] 4
[7689] 4
[7683] 4
[7680] 4
[7679] 4
[7678] 4
[7673] 4
[7672] 4
[7669] 4
[7668] 4
[7662] 4
[7661] 4
[7660] 4
[7659] 4
[7658] 4
[7657] 4
[7656] 4
[7636] 4
[7630] 4
[7627] 4
[7625] 4
[7622] 4
[7614] 4
[7613] 4
[7611] 4
[7603] 4
[7602] 4
[7598] 4
[7597] 4
[7596] 4
[7591] 4
[7587] 4
[7586] 4
[7585] 4
[7584] 4
[7574] 4
[7573] 4
[7572] 4
[7568] 4
[7563] 4
[7558] 4
[7555] 4
[7552] 4
[7551] 4
[7550] 4
[7548] 4
[7547] 4
[7545] 4
[7542] 4
[7539] 4
[7537] 4
[7536] 4
[7534] 4
[7528] 4
[7527] 4
[7523] 4
[7514] 4
[7513] 4
[7512] 4
[7507] 4
[7504] 4
[7503] 4
[7500] 4
[7496] 4
[7495] 4
[7494] 4
[7493] 4
[7492] 4
[7491] 4
[7486] 4
[7483] 4
[7475] 4
[7472] 4
[7471] 4
[7470] 4
[7465] 4
[7460] 4
[7451] 4
[7450] 4
[7438] 4
[7437] 4
[7435] 4
[7426] 4
[7423] 4
[7422] 4
[7419] 4
[7408] 4
[7405] 4
[7404] 4
[7398] 4
[7397] 4
[7390] 4
[7387] 4
[7382] 4
[7379] 4
[7374] 4
[7372] 4
[7371] 4
[7363] 4
[7362] 4
[7355] 4
[7349] 4
[7348] 4
[7347] 4
[7342] 4
[7339] 4
[7338] 4
[7337] 4
[7336] 4
[7335] 4
[7331] 4
[7328] 4
[7327] 4
[7326] 4
[7321] 4
[7320] 4
[7317] 4
[7316] 4
[7315] 4
[7310] 4
[7304] 4
[7295] 4
[7286] 4
[7285] 4
[7273] 4
[7272] 4
[7270] 4
[7267] 4
[7266] 4
[7262] 4
[7261] 4
[7259] 4
[7258] 4
[7257] 4
[7246] 4
[7239] 4
[7235] 4
[7234] 4
[7233] 4
[7227] 4
[7224] 4
[7223] 4
[7222] 4
[7217] 4
[7216] 4
[7215] 4
[7214] 4
[7211] 4
[7207] 4
[7206] 4
[7196] 4
[7195] 4
[7190] 4
[7186] 4
[7184] 4
[7182] 4
[7171] 4
[7164] 4
[7163] 4
[7160] 4
[7152] 4
[7151] 4
[7150] 4
[7146] 4
[7145] 4
[7139] 4
[7136] 4
[7135] 4
[7134] 4
[7131] 4
[7130] 4
[7129] 4
[7118] 4
[7109] 4
[7108] 4
[7107] 4
[7102] 4
[7101] 4
[7100] 4
[7099] 4
[7094] 4
[7089] 4
[7088] 4
[7083] 4
[7082] 4
[7081] 4
[7074] 4
[7067] 4
[7064] 4
[7063] 4
[7062] 4
[7059] 4
[7058] 4
[7057] 4
[7056] 4
[7053] 4
[7052] 4
[7051] 4
[7050] 4
[7049] 4
[7046] 4
[7045] 4
[7044] 4
[7041] 4
[7038] 4
[7030] 4
[7027] 4
[7022] 4
[7021] 4
[7020] 4
[7014] 4
[7011] 4
[7006] 4
[7005] 4
[7004] 4
[6999] 4
[6998] 4
[6995] 4
[6987] 4
[6986] 4
[6985] 4
[6981] 4
[6980] 4
[6979] 4
[6976] 4
[6975] 4
[6974] 4
[6971] 4
[6970] 4
[6969] 4
[6968] 4
[6965] 4
[6964] 4
[6963] 4
[6953] 4
[6944] 4
[6943] 4
[6942] 4
[6934] 4
[6929] 4
[6926] 4
[6923] 4
[6921] 4
[6920] 4
[6918] 4
[6917] 4
[6916] 4
[6910] 4
[6909] 4
[6899] 4
[6898] 4
[6894] 4
[6893] 4
[6888] 4
[6887] 4
[6886] 4
[6883] 4
[6882] 4
[6881] 4
[6880] 4
[6879] 4
[6876] 4
[6875] 4
[6870] 4
[6865] 4
[6859] 4
[6858] 4
[6857] 4
[6849] 4
[6846] 4
[6844] 4
[6843] 4
[6841] 4
[6840] 4
[6839] 4
[6833] 4
[6832] 4
[6830] 4
[6821] 4
[6819] 4
[6811] 4
[6810] 4
[6809] 4
[6808] 4
[6803] 4
[6800] 4
[6799] 4
[6798] 4
[6795] 4
[6790] 4
[6789] 4
[6788] 4
[6782] 4
[6779] 4
[6778] 4
[6777] 4
[6771] 4
[6768] 4
[6767] 4
[6766] 4
[6761] 4
[6758] 4
[6757] 4
[6756] 4
[6748] 4
[6747] 4
[6744] 4
[6741] 4
[6740] 4
[6734] 4
[6733] 4
[6723] 4
[6722] 4
[6719] 4
[6718] 4
[6715] 4
[6712] 4
[6711] 4
[6705] 4
[6704] 4
[6701] 4
[6700] 4
[6694] 4
[6690] 4
[6689] 4
[6686] 4
[6681] 4
[6680] 4
[6679] 4
[6670] 4
[6668] 4
[6667] 4
[6664] 4
[6656] 4
[6654] 4
[6646] 4
[6645] 4
[6644] 4
[6643] 4
[6638] 4
[6635] 4
[6634] 4
[6630] 4
[6627] 4
[6624] 4
[6623] 4
[6622] 4
[6617] 4
[6613] 4
[6612] 4
[6611] 4
[6606] 4
[6603] 4
[6602] 4
[6601] 4
[6600] 4
[6599] 4
[6595] 4
[6594] 4
[6593] 4
[6592] 4
[6591] 4
[6582] 4
[6579] 4
[6577] 4
[6576] 4
[6569] 4
[6568] 4
[6566] 4
[6560] 4
[6558] 4
[6557] 4
[6554] 4
[6553] 4
[6549] 4
[6548] 4
[6547] 4
[6542] 4
[6541] 4
[6540] 4
[6539] 4
[6536] 4
[6535] 4
[6534] 4
[6531] 4
[6530] 4
[6529] 4
[6525] 4
[6524] 4
[6523] 4
[6520] 4
[6519] 4
[6518] 4
[6517] 4
[6516] 4
[6515] 4
[6514] 4
[6505] 4
[6503] 4
[6502] 4
[6499] 4
[6492] 4
[6491] 4
[6489] 4
[6485] 4
[6480] 4
[6478] 4
[6471] 4
[6470] 4
[6459] 4
[6448] 4
[6443] 4
[6442] 4
[6441] 4
[6438] 4
[6437] 4
[6436] 4
[6435] 4
[6434] 4
[6430] 4
[6427] 4
[6426] 4
[6425] 4
[6416] 4
[6415] 4
[6414] 4
[6413] 4
[6412] 4
[6408] 4
[6403] 4
[6402] 4
[6401] 4
[6395] 4
[6393] 4
[6392] 4
[6383] 4
[6382] 4
[6374] 4
[6371] 4
[6366] 4
[6365] 4
[6364] 4
[6363] 4
[6360] 4
[6359] 4
[6358] 4
[6355] 4
[6354] 4
[6353] 4
[6352] 4
[6349] 4
[6348] 4
[6345] 4
[6340] 4
[6339] 4
[6338] 4
[6337] 4
[6334] 4
[6323] 4
[6318] 4
[6314] 4
[6313] 4
[6312] 4
[6306] 4
[6305] 4
[6302] 4
[6294] 4
[6283] 4
[6278] 4
[6277] 4
[6272] 4
[6271] 4
[6270] 4
[6263] 4
[6262] 4
[6259] 4
[6251] 4
[6243] 4
[6238] 4
[6237] 4
[6236] 4
[6235] 4
[6230] 4
[6228] 4
[6227] 4
[6225] 4
[6217] 4
[6216] 4
[6208] 4
[6206] 4
[6201] 4
[6200] 4
[6194] 4
[6193] 4
[6190] 4
[6189] 4
[6188] 4
[6187] 4
[6184] 4
[6182] 4
[6179] 4
[6178] 4
[6175] 4
[6174] 4
[6173] 4
[6172] 4
[6166] 4
[6158] 4
[6155] 4
[6154] 4
[6153] 4
[6151] 4
[6149] 4
[6148] 4
[6147] 4
[6144] 4
[6140] 4
[6138] 4
[6137] 4
[6129] 4
[6118] 4
[6115] 4
[6110] 4
[6104] 4
[6103] 4
[6102] 4
[6098] 4
[6097] 4
[6094] 4
[6086] 4
[6078] 4
[6075] 4
[6074] 4
[6073] 4
[6072] 4
[6071] 4
[6070] 4
[6067] 4
[6064] 4
[6063] 4
[6062] 4
[6061] 4
[6060] 4
[6055] 4
[6054] 4
[6052] 4
[6051] 4
[6042] 4
[6040] 4
[6026] 4
[6025] 4
[6022] 4
[6019] 4
[6014] 4
[6008] 4
[6007] 4
[6000] 4
[5997] 4
[5996] 4
[5993] 4
[5987] 4
[5982] 4
[5979] 4
[5978] 4
[5977] 4
[5975] 4
[5971] 4
[5968] 4
[5964] 4
[5963] 4
[5953] 4
[5950] 4
[5945] 4
[5938] 4
[5937] 4
[5931] 4
[5930] 4
[5929] 4
[5918] 4
[5907] 4
[5902] 4
[5898] 4
[5897] 4
[5896] 4
[5895] 4
[5894] 4
[5891] 4
[5890] 4
[5889] 4
[5887] 4
[5886] 4
[5877] 4
[5875] 4
[5873] 4
[5870] 4
[5867] 4
[5865] 4
[5861] 4
[5860] 4
[5856] 4
[5849] 4
[5848] 4
[5847] 4
[5846] 4
[5843] 4
[5842] 4
[5838] 4
[5832] 4
[5827] 4
[5818] 4
[5817] 4
[5816] 4
[5815] 4
[5814] 4
[5813] 4
[5812] 4
[5810] 4
[5809] 4
[5806] 4
[5803] 4
[5799] 4
[5792] 4
[5788] 4
[5787] 4
[5785] 4
[5778] 4
[5777] 4
[5763] 4
[5754] 4
[5742] 4
[5738] 4
[5737] 4
[5733] 4
[5730] 4
[5729] 4
[5726] 4
[5723] 4
[5722] 4
[5721] 4
[5715] 4
[5710] 4
[5709] 4
[5708] 4
[5705] 4
[5702] 4
[5701] 4
[5700] 4
[5699] 4
[5694] 4
[5691] 4
[5688] 4
[5678] 4
[5677] 4
[5673] 4
[5667] 4
[5666] 4
[5665] 4
[5659] 4
[5656] 4
[5653] 4
[5652] 4
[5651] 4
[5648] 4
[5647] 4
[5646] 4
[5645] 4
[5641] 4
[5638] 4
[5633] 4
[5630] 4
[5627] 4
[5626] 4
[5625] 4
[5622] 4
[5619] 4
[5614] 4
[5613] 4
[5612] 4
[5611] 4
[5610] 4
[5609] 4
[5597] 4
[5596] 4
[5591] 4
[5590] 4
[5584] 4
[5579] 4
[5578] 4
[5577] 4
[5568] 4
[5555] 4
[5550] 4
[5542] 4
[5537] 4
[5536] 4
[5535] 4
[5534] 4
[5533] 4
[5532] 4
[5529] 4
[5526] 4
[5524] 4
[5513] 4
[5512] 4
[5508] 4
[5507] 4
[5502] 4
[5500] 4
[5491] 4
[5490] 4
[5486] 4
[5480] 4
[5475] 4
[5474] 4
[5473] 4
[5462] 4
[5461] 4
[5460] 4
[5457] 4
[5451] 4
[5450] 4
[5449] 4
[5447] 4
[5445] 4
[5444] 4
[5436] 4
[5435] 4
[5432] 4
[5431] 4
[5425] 4
[5424] 4
[5422] 4
[5414] 4
[5413] 4
[5411] 4
[5401] 4
[5382] 4
[5371] 4
[5370] 4
[5369] 4
[5368] 4
[5367] 4
[5362] 4
[5361] 4
[5360] 4
[5359] 4
[5358] 4
[5351] 4
[5350] 4
[5348] 4
[5337] 4
[5336] 4
[5333] 4
[5332] 4
[5326] 4
[5315] 4
[5310] 4
[5307] 4
[5293] 4
[5292] 4
[5286] 4
[5285] 4
[5282] 4
[5281] 4
[5278] 4
[5275] 4
[5274] 4
[5273] 4
[5271] 4
[5260] 4
[5259] 4
[5257] 4
[5256] 4
[5249] 4
[5248] 4
[5246] 4
[5243] 4
[5232] 4
[5227] 4
[5214] 4
[5209] 4
[5203] 4
[5202] 4
[5201] 4
[5198] 4
[5197] 4
[5196] 4
[5195] 4
[5194] 4
[5193] 4
[5186] 4
[5185] 4
[5183] 4
[5181] 4
[5180] 4
[5172] 4
[5171] 4
[5169] 4
[5168] 4
[5167] 4
[5166] 4
[5163] 4
[5161] 4
[5155] 4
[5152] 4
[5150] 4
[5149] 4
[5146] 4
[5145] 4
[5141] 4
[5140] 4
[5139] 4
[5134] 4
[5123] 4
[5122] 4
[5121] 4
[5120] 4
[5117] 4
[5110] 4
[5109] 4
[5108] 4
[5106] 4
[5095] 4
[5094] 4
[5092] 4
[5091] 4
[5088] 4
[5084] 4
[5083] 4
[5081] 4
[5078] 4
[5073] 4
[5072] 4
[5067] 4
[5063] 4
[5061] 4
[5045] 4
[5044] 4
[5033] 4
[5030] 4
[5029] 4
[5028] 4
[5019] 4
[5018] 4
[5017] 4
[5016] 4
[5015] 4
[5006] 4
[5005] 4
[5004] 4
[4996] 4
[4990] 4
[4985] 4
[4976] 4
[4975] 4
[4974] 4
[4966] 4
[4958] 4
[4955] 4
[4952] 4
[4945] 4
[4944] 4
[4941] 4
[4940] 4
[4937] 4
[4934] 4
[4933] 4
[4932] 4
[4926] 4
[4918] 4
[4917] 4
[4916] 4
[4915] 4
[4907] 4
[4906] 4
[4905] 4
[4902] 4
[4898] 4
[4897] 4
[4891] 4
[4886] 4
[4875] 4
[4864] 4
[4863] 4
[4862] 4
[4855] 4
[4854] 4
[4841] 4
[4840] 4
[4831] 4
[4829] 4
[4828] 4
[4825] 4
[4819] 4
[4814] 4
[4811] 4
[4809] 4
[4808] 4
[4800] 4
[4798] 4
[4797] 4
[4793] 4
[4790] 4
[4787] 4
[4786] 4
[4782] 4
[4781] 4
[4776] 4
[4769] 4
[4768] 4
[4767] 4
[4764] 4
[4754] 4
[4752] 4
[4751] 4
[4750] 4
[4747] 4
[4742] 4
[4741] 4
[4740] 4
[4737] 4
[4736] 4
[4726] 4
[4722] 4
[4720] 4
[4718] 4
[4713] 4
[4710] 4
[4709] 4
[4707] 4
[4704] 4
[4699] 4
[4696] 4
[4695] 4
[4690] 4
[4689] 4
[4678] 4
[4677] 4
[4676] 4
[4675] 4
[4667] 4
[4666] 4
[4665] 4
[4664] 4
[4663] 4
[4654] 4
[4645] 4
[4635] 4
[4633] 4
[4632] 4
[4625] 4
[4622] 4
[4621] 4
[4618] 4
[4617] 4
[4611] 4
[4603] 4
[4592] 4
[4589] 4
[4588] 4
[4585] 4
[4582] 4
[4577] 4
[4574] 4
[4566] 4
[4557] 4
[4556] 4
[4550] 4
[4549] 4
[4548] 4
[4545] 4
[4544] 4
[4539] 4
[4534] 4
[4531] 4
[4530] 4
[4523] 4
[4522] 4
[4521] 4
[4510] 4
[4505] 4
[4501] 4
[4500] 4
[4499] 4
[4490] 4
[4488] 4
[4487] 4
[4480] 4
[4479] 4
[4478] 4
[4470] 4
[4468] 4
[4467] 4
[4459] 4
[4457] 4
[4456] 4
[4453] 4
[4450] 4
[4449] 4
[4448] 4
[4446] 4
[4445] 4
[4435] 4
[4430] 4
[4427] 4
[4424] 4
[4419] 4
[4418] 4
[4417] 4
[4413] 4
[4412] 4
[4410] 4
[4409] 4
[4401] 4
[4395] 4
[4385] 4
[4381] 4
[4379] 4
[4374] 4
[4373] 4
[4369] 4
[4368] 4
[4366] 4
[4359] 4
[4358] 4
[4355] 4
[4345] 4
[4341] 4
[4340] 4
[4336] 4
[4331] 4
[4326] 4
[4325] 4
[4324] 4
[4323] 4
[4322] 4
[4304] 4
[4303] 4
[4302] 4
[4297] 4
[4294] 4
[4291] 4
[4285] 4
[4284] 4
[4283] 4
[4277] 4
[4270] 4
[4269] 4
[4268] 4
[4262] 4
[4258] 4
[4254] 4
[4251] 4
[4247] 4
[4245] 4
[4244] 4
[4241] 4
[4240] 4
[4239] 4
[4236] 4
[4233] 4
[4225] 4
[4222] 4
[4217] 4
[4216] 4
[4215] 4
[4214] 4
[4209] 4
[4208] 4
[4207] 4
[4206] 4
[4200] 4
[4194] 4
[4193] 4
[4190] 4
[4187] 4
[4182] 4
[4181] 4
[4180] 4
[4171] 4
[4166] 4
[4165] 4
[4160] 4
[4159] 4
[4158] 4
[4155] 4
[4148] 4
[4147] 4
[4139] 4
[4132] 4
[4129] 4
[4118] 4
[4112] 4
[4105] 4
[4103] 4
[4094] 4
[4093] 4
[4089] 4
[4082] 4
[4078] 4
[4077] 4
[4076] 4
[4075] 4
[4074] 4
[4061] 4
[4054] 4
[4053] 4
[4052] 4
[4049] 4
[4044] 4
[4043] 4
[4042] 4
[4041] 4
[4035] 4
[4034] 4
[4033] 4
[4032] 4
[4028] 4
[4027] 4
[4025] 4
[4021] 4
[4016] 4
[4014] 4
[4006] 4
[4004] 4
[4003] 4
[4000] 4
[3990] 4
[3985] 4
[3984] 4
[3983] 4
[3982] 4
[3974] 4
[3963] 4
[3954] 4
[3953] 4
[3952] 4
[3951] 4
[3950] 4
[3943] 4
[3942] 4
[3936] 4
[3929] 4
[3918] 4
[3917] 4
[3914] 4
[3913] 4
[3910] 4
[3907] 4
[3899] 4
[3889] 4
[3885] 4
[3884] 4
[3881] 4
[3878] 4
[3877] 4
[3876] 4
[3875] 4
[3874] 4
[3873] 4
[3866] 4
[3865] 4
[3864] 4
[3859] 4
[3856] 4
[3852] 4
[3851] 4
[3849] 4
[3841] 4
[3839] 4
[3838] 4
[3825] 4
[3819] 4
[3818] 4
[3817] 4
[3814] 4
[3813] 4
[3812] 4
[3808] 4
[3807] 4
[3806] 4
[3803] 4
[3802] 4
[3801] 4
[3798] 4
[3795] 4
[3794] 4
[3789] 4
[3788] 4
[3787] 4
[3778] 4
[3777] 4
[3772] 4
[3771] 4
[3764] 4
[3762] 4
[3761] 4
[3755] 4
[3752] 4
[3749] 4
[3744] 4
[3743] 4
[3741] 4
[3737] 4
[3734] 4
[3731] 4
[3726] 4
[3725] 4
[3724] 4
[3719] 4
[3715] 4
[3714] 4
[3713] 4
[3712] 4
[3711] 4
[3710] 4
[3709] 4
[3708] 4
[3701] 4
[3700] 4
[3699] 4
[3694] 4
[3693] 4
[3692] 4
[3691] 4
[3688] 4
[3686] 4
[3684] 4
[3680] 4
[3675] 4
[3673] 4
[3665] 4
[3664] 4
[3648] 4
[3647] 4
[3643] 4
[3638] 4
[3637] 4
[3636] 4
[3633] 4
[3630] 4
[3629] 4
[3622] 4
[3611] 4
[3610] 4
[3609] 4
[3608] 4
[3607] 4
[3598] 4
[3597] 4
[3596] 4
[3590] 4
[3587] 4
[3577] 4
[3569] 4
[3566] 4
[3558] 4
[3554] 4
[3549] 4
[3548] 4
[3547] 4
[3544] 4
[3543] 4
[3538] 4
[3537] 4
[3536] 4
[3535] 4
[3534] 4
[3533] 4
[3532] 4
[3523] 4
[3522] 4
[3521] 4
[3515] 4
[3514] 4
[3513] 4
[3509] 4
[3508] 4
[3507] 4
[3499] 4
[3498] 4
[3497] 4
[3478] 4
[3473] 4
[3472] 4
[3467] 4
[3466] 4
[3465] 4
[3462] 4
[3461] 4
[3458] 4
[3457] 4
[3456] 4
[3455] 4
[3454] 4
[3451] 4
[3446] 4
[3433] 4
[3432] 4
[3431] 4
[3430] 4
[3425] 4
[3421] 4
[3420] 4
[3419] 4
[3403] 4
[3401] 4
[3396] 4
[3390] 4
[3389] 4
[3385] 4
[3384] 4
[3383] 4
[3382] 4
[3374] 4
[3373] 4
[3370] 4
[3368] 4
[3358] 4
[3351] 4
[3350] 4
[3349] 4
[3348] 4
[3347] 4
[3344] 4
[3343] 4
[3342] 4
[3339] 4
[3334] 4
[3333] 4
[3332] 4
[3328] 4
[3324] 4
[3323] 4
[3313] 4
[3312] 4
[3310] 4
[3307] 4
[3306] 4
[3305] 4
[3299] 4
[3298] 4
[3297] 4
[3296] 4
[3293] 4
[3290] 4
[3289] 4
[3286] 4
[3281] 4
[3270] 4
[3269] 4
[3268] 4
[3267] 4
[3266] 4
[3265] 4
[3264] 4
[3259] 4
[3256] 4
[3255] 4
[3254] 4
[3250] 4
[3249] 4
[3248] 4
[3247] 4
[3246] 4
[3243] 4
[3237] 4
[3225] 4
[3221] 4
[3220] 4
[3217] 4
[3209] 4
[3203] 4
[3195] 4
[3182] 4
[3181] 4
[3180] 4
[3173] 4
[3172] 4
[3171] 4
[3166] 4
[3163] 4
[3160] 4
[3159] 4
[3158] 4
[3148] 4
[3147] 4
[3145] 4
[3141] 4
[3140] 4
[3133] 4
[3132] 4
[3131] 4
[3125] 4
[3124] 4
[3121] 4
[3120] 4
[3115] 4
[3114] 4
[3113] 4
[3110] 4
[3102] 4
[3093] 4
[3092] 4
[3091] 4
[3090] 4
[3089] 4
[3085] 4
[3078] 4
[3069] 4
[3068] 4
[3062] 4
[3060] 4
[3056] 4
[3051] 4
[3049] 4
[3048] 4
[3042] 4
[3041] 4
[3033] 4
[3027] 4
[3026] 4
[3017] 4
[3015] 4
[3013] 4
[3008] 4
[3007] 4
[3006] 4
[3001] 4
[3000] 4
[2999] 4
[2998] 4
[2994] 4
[2993] 4
[2987] 4
[2983] 4
[2982] 4
[2980] 4
[2972] 4
[2971] 4
[2965] 4
[2958] 4
[2955] 4
[2940] 4
[2937] 4
[2929] 4
[2928] 4
[2925] 4
[2913] 4
[2912] 4
[2906] 4
[2905] 4
[2904] 4
[2903] 4
[2902] 4
[2897] 4
[2896] 4
[2895] 4
[2894] 4
[2891] 4
[2886] 4
[2883] 4
[2880] 4
[2877] 4
[2868] 4
[2862] 4
[2860] 4
[2854] 4
[2850] 4
[2848] 4
[2843] 4
[2842] 4
[2841] 4
[2840] 4
[2829] 4
[2828] 4
[2822] 4
[2821] 4
[2820] 4
[2819] 4
[2818] 4
[2817] 4
[2814] 4
[2809] 4
[2805] 4
[2804] 4
[2803] 4
[2800] 4
[2792] 4
[2791] 4
[2790] 4
[2780] 4
[2779] 4
[2774] 4
[2773] 4
[2772] 4
[2765] 4
[2764] 4
[2763] 4
[2752] 4
[2751] 4
[2750] 4
[2741] 4
[2740] 4
[2737] 4
[2736] 4
[2735] 4
[2728] 4
[2727] 4
[2726] 4
[2721] 4
[2718] 4
[2715] 4
[2708] 4
[2707] 4
[2697] 4
[2695] 4
[2692] 4
[2686] 4
[2685] 4
[2677] 4
[2675] 4
[2674] 4
[2665] 4
[2664] 4
[2658] 4
[2657] 4
[2656] 4
[2653] 4
[2652] 4
[2646] 4
[2645] 4
[2644] 4
[2640] 4
[2635] 4
[2631] 4
[2630] 4
[2624] 4
[2620] 4
[2619] 4
[2615] 4
[2614] 4
[2609] 4
[2608] 4
[2606] 4
[2600] 4
[2596] 4
[2588] 4
[2587] 4
[2576] 4
[2575] 4
[2572] 4
[2571] 4
[2563] 4
[2562] 4
[2561] 4
[2557] 4
[2556] 4
[2555] 4
[2554] 4
[2553] 4
[2550] 4
[2546] 4
[2545] 4
[2544] 4
[2543] 4
[2542] 4
[2531] 4
[2528] 4
[2527] 4
[2517] 4
[2516] 4
[2510] 4
[2509] 4
[2502] 4
[2499] 4
[2488] 4
[2487] 4
[2481] 4
[2480] 4
[2477] 4
[2476] 4
[2473] 4
[2470] 4
[2469] 4
[2456] 4
[2454] 4
[2444] 4
[2443] 4
[2441] 4
[2440] 4
[2435] 4
[2427] 4
[2424] 4
[2423] 4
[2422] 4
[2411] 4
[2410] 4
[2409] 4
[2405] 4
[2404] 4
[2400] 4
[2399] 4
[2398] 4
[2397] 4
[2396] 4
[2395] 4
[2394] 4
[2393] 4
[2392] 4
[2385] 4
[2381] 4
[2378] 4
[2377] 4
[2376] 4
[2368] 4
[2366] 4
[2364] 4
[2363] 4
[2358] 4
[2352] 4
[2347] 4
[2345] 4
[2344] 4
[2336] 4
[2334] 4
[2333] 4
[2324] 4
[2323] 4
[2320] 4
[2317] 4
[2316] 4
[2315] 4
[2312] 4
[2308] 4
[2307] 4
[2306] 4
[2305] 4
[2304] 4
[2296] 4
[2291] 4
[2289] 4
[2283] 4
[2279] 4
[2278] 4
[2268] 4
[2267] 4
[2262] 4
[2256] 4
[2247] 4
[2246] 4
[2240] 4
[2239] 4
[2236] 4
[2235] 4
[2232] 4
[2229] 4
[2228] 4
[2220] 4
[2219] 4
[2213] 4
[2212] 4
[2211] 4
[2210] 4
[2209] 4
[2208] 4
[2203] 4
[2202] 4
[2201] 4
[2200] 4
[2192] 4
[2191] 4
[2190] 4
[2187] 4
[2176] 4
[2175] 4
[2169] 4
[2168] 4
[2161] 4
[2160] 4
[2159] 4
[2158] 4
[2155] 4
[2150] 4
[2147] 4
[2141] 4
[2140] 4
[2139] 4
[2136] 4
[2135] 4
[2130] 4
[2129] 4
[2128] 4
[2125] 4
[2124] 4
[2117] 4
[2116] 4
[2115] 4
[2112] 4
[2102] 4
[2101] 4
[2100] 4
[2099] 4
[2087] 4
[2086] 4
[2083] 4
[2082] 4
[2081] 4
[2072] 4
[2071] 4
[2070] 4
[2064] 4
[2059] 4
[2058] 4
[2057] 4
[2054] 4
[2053] 4
[2048] 4
[2047] 4
[2040] 4
[2037] 4
[2036] 4
[2035] 4
[2028] 4
[2027] 4
[2026] 4
[2025] 4
[2024] 4
[2014] 4
[2011] 4
[2004] 4
[2003] 4
[2000] 4
[1999] 4
[1995] 4
[1993] 4
[1992] 4
[1990] 4
[1985] 4
[1984] 4
[1982] 4
[1981] 4
[1979] 4
[1978] 4
[1977] 4
[1976] 4
[1965] 4
[1964] 4
[1963] 4
[1952] 4
[1951] 4
[1950] 4
[1949] 4
[1948] 4
[1947] 4
[1942] 4
[1937] 4
[1936] 4
[1931] 4
[1922] 4
[1921] 4
[1916] 4
[1915] 4
[1913] 4
[1908] 4
[1907] 4
[1905] 4
[1904] 4
[1902] 4
[1899] 4
[1896] 4
[1891] 4
[1888] 4
[1883] 4
[1882] 4
[1875] 4
[1872] 4
[1871] 4
[1870] 4
[1867] 4
[1864] 4
[1863] 4
[1862] 4
[1861] 4
[1860] 4
[1859] 4
[1851] 4
[1840] 4
[1835] 4
[1834] 4
[1828] 4
[1827] 4
[1824] 4
[1823] 4
[1820] 4
[1819] 4
[1817] 4
[1816] 4
[1798] 4
[1787] 4
[1777] 4
[1776] 4
[1763] 4
[1762] 4
[1761] 4
[1747] 4
[1744] 4
[1743] 4
[1742] 4
[1740] 4
[1739] 4
[1734] 4
[1731] 4
[1723] 4
[1718] 4
[1717] 4
[1714] 4
[1713] 4
[1707] 4
[1706] 4
[1701] 4
[1700] 4
[1699] 4
[1696] 4
[1695] 4
[1694] 4
[1688] 4
[1685] 4
[1684] 4
[1683] 4
[1674] 4
[1673] 4
[1672] 4
[1671] 4
[1670] 4
[1663] 4
[1662] 4
[1659] 4
[1654] 4
[1652] 4
[1651] 4
[1645] 4
[1644] 4
[1643] 4
[1641] 4
[1640] 4
[1638] 4
[1637] 4
[1632] 4
[1622] 4
[1618] 4
[1616] 4
[1613] 4
[1612] 4
[1611] 4
[1608] 4
[1603] 4
[1597] 4
[1596] 4
[1595] 4
[1590] 4
[1575] 4
[1574] 4
[1569] 4
[1568] 4
[1564] 4
[1563] 4
[1561] 4
[1543] 4
[1542] 4
[1541] 4
[1536] 4
[1535] 4
[1531] 4
[1523] 4
[1520] 4
[1519] 4
[1518] 4
[1515] 4
[1507] 4
[1499] 4
[1498] 4
[1497] 4
[1494] 4
[1493] 4
[1492] 4
[1486] 4
[1483] 4
[1480] 4
[1472] 4
[1467] 4
[1464] 4
[1453] 4
[1451] 4
[1446] 4
[1442] 4
[1437] 4
[1436] 4
[1435] 4
[1432] 4
[1431] 4
[1430] 4
[1424] 4
[1423] 4
[1422] 4
[1421] 4
[1420] 4
[1419] 4
[1412] 4
[1409] 4
[1408] 4
[1407] 4
[1406] 4
[1403] 4
[1395] 4
[1390] 4
[1384] 4
[1383] 4
[1382] 4
[1378] 4
[1377] 4
[1376] 4
[1367] 4
[1366] 4
[1360] 4
[1355] 4
[1354] 4
[1353] 4
[1347] 4
[1344] 4
[1343] 4
[1342] 4
[1339] 4
[1331] 4
[1318] 4
[1307] 4
[1302] 4
[1300] 4
[1298] 4
[1297] 4
[1296] 4
[1289] 4
[1288] 4
[1278] 4
[1277] 4
[1275] 4
[1272] 4
[1267] 4
[1254] 4
[1249] 4
[1248] 4
[1247] 4
[1244] 4
[1243] 4
[1238] 4
[1229] 4
[1228] 4
[1227] 4
[1226] 4
[1225] 4
[1223] 4
[1222] 4
[1216] 4
[1212] 4
[1211] 4
[1195] 4
[1187] 4
[1179] 4
[1178] 4
[1177] 4
[1174] 4
[1171] 4
[1166] 4
[1158] 4
[1153] 4
[1152] 4
[1147] 4
[1146] 4
[1145] 4
[1136] 4
[1135] 4
[1131] 4
[1127] 4
[1126] 4
[1124] 4
[1120] 4
[1119] 4
[1112] 4
[1102] 4
[1084] 4
[1083] 4
[1080] 4
[1079] 4
[1078] 4
[1077] 4
[1076] 4
[1073] 4
[1072] 4
[1069] 4
[1068] 4
[1067] 4
[1059] 4
[1051] 4
[1050] 4
[1049] 4
[1048] 4
[1046] 4
[1043] 4
[1014] 4
[1013] 4
[1008] 4
[1007] 4
[1006] 4
[1003] 4
[1002] 4
[1001] 4
[998] 4
[997] 4
[996] 4
[995] 4
[990] 4
[987] 4
[979] 4
[971] 4
[970] 4
[967] 4
[966] 4
[963] 4
[962] 4
[961] 4
[959] 4
[957] 4
[956] 4
[955] 4
[952] 4
[947] 4
[945] 4
[939] 4
[937] 4
[936] 4
[928] 4
[927] 4
[926] 4
[920] 4
[914] 4
[910] 4
[909] 4
[908] 4
[907] 4
[904] 4
[903] 4
[902] 4
[899] 4
[894] 4
[888] 4
[887] 4
[886] 4
[885] 4
[884] 4
[883] 4
[881] 4
[875] 4
[871] 4
[870] 4
[868] 4
[859] 4
[843] 4
[839] 4
[838] 4
[832] 4
[831] 4
[830] 4
[826] 4
[822] 4
[813] 4
[812] 4
[811] 4
[806] 4
[805] 4
[800] 4
[795] 4
[794] 4
[793] 4
[792] 4
[791] 4
[790] 4
[787] 4
[782] 4
[781] 4
[780] 4
[779] 4
[762] 4
[761] 4
[749] 4
[744] 4
[743] 4
[742] 4
[739] 4
[738] 4
[737] 4
[736] 4
[733] 4
[732] 4
[731] 4
[728] 4
[720] 4
[719] 4
[718] 4
[717] 4
[716] 4
[715] 4
[710] 4
[709] 4
[708] 4
[707] 4
[704] 4
[703] 4
[702] 4
[694] 4
[691] 4
[683] 4
[674] 4
[673] 4
[667] 4
[662] 4
[661] 4
[660] 4
[657] 4
[656] 4
[651] 4
[646] 4
[639] 4
[631] 4
[630] 4
[629] 4
[628] 4
[627] 4
[622] 4
[616] 4
[615] 4
[614] 4
[611] 4
[605] 4
[604] 4
[603] 4
[596] 4
[595] 4
[587] 4
[585] 4
[584] 4
[581] 4
[580] 4
[579] 4
[571] 4
[570] 4
[569] 4
[568] 4
[563] 4
[562] 4
[554] 4
[553] 4
[550] 4
[546] 4
[545] 4
[544] 4
[543] 4
[542] 4
[539] 4
[534] 4
[529] 4
[528] 4
[523] 4
[519] 4
[508] 4
[502] 4
[501] 4
[494] 4
[491] 4
[483] 4
[482] 4
[481] 4
[474] 4
[466] 4
[465] 4
[464] 4
[459] 4
[454] 4
[451] 4
[443] 4
[442] 4
[441] 4
[440] 4
[439] 4
[438] 4
[432] 4
[427] 4
[426] 4
[420] 4
[419] 4
[405] 4
[404] 4
[398] 4
[386] 4
[379] 4
[376] 4
[375] 4
[374] 4
[368] 4
[367] 4
[366] 4
[363] 4
[355] 4
[354] 4
[353] 4
[350] 4
[347] 4
[343] 4
[336] 4
[326] 4
[320] 4
[317] 4
[316] 4
[315] 4
[310] 4
[305] 4
[304] 4
[298] 4
[288] 4
[287] 4
[286] 4
[275] 4
[274] 4
[273] 4
[270] 4
[264] 4
[263] 4
[262] 4
[259] 4
[255] 4
[254] 4
[252] 4
[246] 4
[244] 4
[243] 4
[240] 4
[235] 4
[229] 4
[228] 4
[227] 4
[222] 4
[219] 4
[216] 4
[210] 4
[203] 4
[202] 4
[201] 4
[195] 4
[189] 4
[182] 4
[178] 4
[176] 4
[175] 4
[171] 4
[167] 4
[165] 4
[164] 4
[160] 4
[155] 4
[150] 4
[139] 4
[133] 4
[125] 4
[124] 4
[123] 4
[107] 4
[101] 4
[100] 4
[99] 4
[98] 4
[97] 4
[94] 4
[91] 4
[90] 4
[89] 4
[88] 4
[87] 4
[86] 4
[83] 4
[78] 4
[75] 4
[70] 4
[67] 4
[64] 4
[63] 4
[62] 4
[57] 4
[51] 4
[44] 4
[38] 4
[35] 4
[27] 4
[24] 4
[16] 4
[15] 4
[14] 4
[13] 4
[12] 4
[11] 4
[10] 4
[9] 4
[6] 4
[0] 4
[10804] 3
[10800] 3
[10799] 3
[10797] 3
[10796] 3
[10790] 3
[10789] 3
[10788] 3
[10779] 3
[10775] 3
[10772] 3
[10769] 3
[10768] 3
[10767] 3
[10765] 3
[10764] 3
[10763] 3
[10761] 3
[10760] 3
[10758] 3
[10757] 3
[10756] 3
[10750] 3
[10749] 3
[10747] 3
[10746] 3
[10745] 3
[10741] 3
[10740] 3
[10736] 3
[10734] 3
[10727] 3
[10725] 3
[10724] 3
[10723] 3
[10721] 3
[10717] 3
[10714] 3
[10712] 3
[10711] 3
[10709] 3
[10708] 3
[10706] 3
[10702] 3
[10701] 3
[10700] 3
[10692] 3
[10691] 3
[10689] 3
[10685] 3
[10684] 3
[10682] 3
[10681] 3
[10680] 3
[10678] 3
[10675] 3
[10673] 3
[10666] 3
[10665] 3
[10662] 3
[10661] 3
[10660] 3
[10658] 3
[10657] 3
[10656] 3
[10654] 3
[10653] 3
[10652] 3
[10651] 3
[10650] 3
[10648] 3
[10647] 3
[10646] 3
[10642] 3
[10641] 3
[10640] 3
[10635] 3
[10634] 3
[10631] 3
[10630] 3
[10629] 3
[10626] 3
[10625] 3
[10624] 3
[10623] 3
[10619] 3
[10615] 3
[10614] 3
[10613] 3
[10612] 3
[10610] 3
[10609] 3
[10608] 3
[10607] 3
[10604] 3
[10600] 3
[10599] 3
[10597] 3
[10596] 3
[10589] 3
[10588] 3
[10587] 3
[10584] 3
[10582] 3
[10581] 3
[10580] 3
[10576] 3
[10575] 3
[10573] 3
[10572] 3
[10571] 3
[10569] 3
[10563] 3
[10562] 3
[10560] 3
[10559] 3
[10557] 3
[10556] 3
[10552] 3
[10551] 3
[10549] 3
[10548] 3
[10546] 3
[10545] 3
[10544] 3
[10542] 3
[10541] 3
[10540] 3
[10527] 3
[10522] 3
[10521] 3
[10516] 3
[10515] 3
[10513] 3
[10511] 3
[10510] 3
[10504] 3
[10503] 3
[10497] 3
[10496] 3
[10495] 3
[10491] 3
[10489] 3
[10487] 3
[10484] 3
[10482] 3
[10481] 3
[10480] 3
[10479] 3
[10475] 3
[10474] 3
[10472] 3
[10470] 3
[10466] 3
[10465] 3
[10463] 3
[10456] 3
[10454] 3
[10453] 3
[10452] 3
[10450] 3
[10449] 3
[10448] 3
[10447] 3
[10445] 3
[10444] 3
[10442] 3
[10439] 3
[10438] 3
[10434] 3
[10433] 3
[10432] 3
[10431] 3
[10429] 3
[10424] 3
[10420] 3
[10417] 3
[10416] 3
[10415] 3
[10411] 3
[10409] 3
[10407] 3
[10406] 3
[10405] 3
[10404] 3
[10400] 3
[10399] 3
[10395] 3
[10387] 3
[10384] 3
[10382] 3
[10381] 3
[10380] 3
[10378] 3
[10377] 3
[10376] 3
[10375] 3
[10362] 3
[10361] 3
[10354] 3
[10351] 3
[10349] 3
[10348] 3
[10344] 3
[10343] 3
[10340] 3
[10338] 3
[10337] 3
[10334] 3
[10333] 3
[10332] 3
[10325] 3
[10324] 3
[10323] 3
[10321] 3
[10320] 3
[10319] 3
[10317] 3
[10316] 3
[10315] 3
[10313] 3
[10309] 3
[10308] 3
[10307] 3
[10302] 3
[10301] 3
[10300] 3
[10290] 3
[10289] 3
[10288] 3
[10287] 3
[10285] 3
[10284] 3
[10283] 3
[10282] 3
[10279] 3
[10278] 3
[10276] 3
[10274] 3
[10273] 3
[10272] 3
[10271] 3
[10269] 3
[10268] 3
[10267] 3
[10266] 3
[10263] 3
[10262] 3
[10259] 3
[10256] 3
[10255] 3
[10253] 3
[10251] 3
[10248] 3
[10247] 3
[10246] 3
[10241] 3
[10237] 3
[10236] 3
[10235] 3
[10233] 3
[10232] 3
[10231] 3
[10230] 3
[10219] 3
[10217] 3
[10216] 3
[10214] 3
[10208] 3
[10207] 3
[10205] 3
[10204] 3
[10202] 3
[10201] 3
[10197] 3
[10196] 3
[10194] 3
[10193] 3
[10189] 3
[10188] 3
[10186] 3
[10185] 3
[10173] 3
[10172] 3
[10170] 3
[10169] 3
[10168] 3
[10167] 3
[10165] 3
[10159] 3
[10155] 3
[10154] 3
[10152] 3
[10151] 3
[10150] 3
[10148] 3
[10146] 3
[10145] 3
[10144] 3
[10143] 3
[10139] 3
[10135] 3
[10134] 3
[10130] 3
[10129] 3
[10128] 3
[10127] 3
[10125] 3
[10114] 3
[10113] 3
[10107] 3
[10105] 3
[10104] 3
[10103] 3
[10101] 3
[10094] 3
[10093] 3
[10092] 3
[10088] 3
[10086] 3
[10084] 3
[10083] 3
[10079] 3
[10076] 3
[10070] 3
[10068] 3
[10066] 3
[10065] 3
[10064] 3
[10063] 3
[10059] 3
[10058] 3
[10055] 3
[10054] 3
[10050] 3
[10049] 3
[10048] 3
[10046] 3
[10043] 3
[10042] 3
[10041] 3
[10040] 3
[10039] 3
[10035] 3
[10034] 3
[10029] 3
[10028] 3
[10026] 3
[10025] 3
[10021] 3
[10020] 3
[10013] 3
[10008] 3
[10006] 3
[9999] 3
[9997] 3
[9996] 3
[9994] 3
[9993] 3
[9992] 3
[9991] 3
[9989] 3
[9988] 3
[9986] 3
[9985] 3
[9984] 3
[9983] 3
[9979] 3
[9977] 3
[9976] 3
[9974] 3
[9970] 3
[9969] 3
[9968] 3
[9966] 3
[9962] 3
[9961] 3
[9960] 3
[9958] 3
[9952] 3
[9951] 3
[9947] 3
[9945] 3
[9942] 3
[9941] 3
[9938] 3
[9937] 3
[9931] 3
[9929] 3
[9928] 3
[9926] 3
[9922] 3
[9921] 3
[9920] 3
[9918] 3
[9915] 3
[9914] 3
[9911] 3
[9910] 3
[9909] 3
[9908] 3
[9904] 3
[9903] 3
[9901] 3
[9900] 3
[9898] 3
[9897] 3
[9896] 3
[9895] 3
[9893] 3
[9892] 3
[9890] 3
[9889] 3
[9882] 3
[9881] 3
[9878] 3
[9877] 3
[9876] 3
[9875] 3
[9873] 3
[9872] 3
[9871] 3
[9864] 3
[9863] 3
[9861] 3
[9860] 3
[9856] 3
[9855] 3
[9853] 3
[9852] 3
[9850] 3
[9849] 3
[9848] 3
[9847] 3
[9845] 3
[9844] 3
[9842] 3
[9841] 3
[9832] 3
[9831] 3
[9829] 3
[9828] 3
[9824] 3
[9823] 3
[9821] 3
[9820] 3
[9818] 3
[9817] 3
[9816] 3
[9815] 3
[9813] 3
[9812] 3
[9811] 3
[9809] 3
[9808] 3
[9806] 3
[9805] 3
[9804] 3
[9802] 3
[9801] 3
[9794] 3
[9793] 3
[9789] 3
[9788] 3
[9784] 3
[9781] 3
[9778] 3
[9777] 3
[9776] 3
[9775] 3
[9773] 3
[9772] 3
[9765] 3
[9764] 3
[9763] 3
[9761] 3
[9760] 3
[9759] 3
[9755] 3
[9753] 3
[9752] 3
[9751] 3
[9749] 3
[9748] 3
[9746] 3
[9745] 3
[9744] 3
[9742] 3
[9741] 3
[9740] 3
[9739] 3
[9738] 3
[9736] 3
[9735] 3
[9733] 3
[9732] 3
[9728] 3
[9727] 3
[9724] 3
[9723] 3
[9722] 3
[9718] 3
[9713] 3
[9712] 3
[9711] 3
[9709] 3
[9705] 3
[9702] 3
[9699] 3
[9698] 3
[9696] 3
[9695] 3
[9694] 3
[9693] 3
[9690] 3
[9689] 3
[9688] 3
[9687] 3
[9683] 3
[9682] 3
[9680] 3
[9678] 3
[9667] 3
[9665] 3
[9661] 3
[9660] 3
[9659] 3
[9658] 3
[9656] 3
[9655] 3
[9653] 3
[9652] 3
[9651] 3
[9647] 3
[9645] 3
[9644] 3
[9643] 3
[9641] 3
[9639] 3
[9636] 3
[9634] 3
[9633] 3
[9630] 3
[9629] 3
[9625] 3
[9624] 3
[9623] 3
[9621] 3
[9620] 3
[9618] 3
[9617] 3
[9613] 3
[9612] 3
[9611] 3
[9609] 3
[9602] 3
[9601] 3
[9599] 3
[9598] 3
[9597] 3
[9596] 3
[9595] 3
[9594] 3
[9590] 3
[9588] 3
[9586] 3
[9585] 3
[9584] 3
[9583] 3
[9581] 3
[9580] 3
[9579] 3
[9577] 3
[9574] 3
[9573] 3
[9570] 3
[9569] 3
[9568] 3
[9567] 3
[9565] 3
[9564] 3
[9563] 3
[9562] 3
[9560] 3
[9558] 3
[9557] 3
[9556] 3
[9555] 3
[9553] 3
[9552] 3
[9547] 3
[9544] 3
[9542] 3
[9535] 3
[9534] 3
[9532] 3
[9531] 3
[9529] 3
[9525] 3
[9524] 3
[9523] 3
[9520] 3
[9519] 3
[9515] 3
[9513] 3
[9512] 3
[9511] 3
[9509] 3
[9508] 3
[9507] 3
[9506] 3
[9504] 3
[9503] 3
[9493] 3
[9492] 3
[9491] 3
[9489] 3
[9488] 3
[9487] 3
[9483] 3
[9481] 3
[9480] 3
[9478] 3
[9477] 3
[9476] 3
[9474] 3
[9471] 3
[9469] 3
[9467] 3
[9464] 3
[9458] 3
[9457] 3
[9456] 3
[9448] 3
[9447] 3
[9443] 3
[9441] 3
[9434] 3
[9433] 3
[9432] 3
[9429] 3
[9424] 3
[9423] 3
[9421] 3
[9420] 3
[9419] 3
[9418] 3
[9414] 3
[9412] 3
[9408] 3
[9407] 3
[9405] 3
[9404] 3
[9403] 3
[9401] 3
[9395] 3
[9394] 3
[9392] 3
[9390] 3
[9386] 3
[9382] 3
[9380] 3
[9379] 3
[9378] 3
[9377] 3
[9376] 3
[9375] 3
[9371] 3
[9368] 3
[9364] 3
[9361] 3
[9355] 3
[9353] 3
[9351] 3
[9350] 3
[9349] 3
[9348] 3
[9338] 3
[9337] 3
[9333] 3
[9332] 3
[9331] 3
[9330] 3
[9328] 3
[9327] 3
[9326] 3
[9325] 3
[9318] 3
[9316] 3
[9315] 3
[9313] 3
[9312] 3
[9311] 3
[9309] 3
[9306] 3
[9304] 3
[9302] 3
[9301] 3
[9300] 3
[9298] 3
[9294] 3
[9293] 3
[9291] 3
[9290] 3
[9289] 3
[9288] 3
[9284] 3
[9283] 3
[9281] 3
[9277] 3
[9276] 3
[9272] 3
[9271] 3
[9269] 3
[9268] 3
[9267] 3
[9265] 3
[9263] 3
[9262] 3
[9261] 3
[9260] 3
[9258] 3
[9257] 3
[9254] 3
[9253] 3
[9249] 3
[9248] 3
[9245] 3
[9244] 3
[9243] 3
[9242] 3
[9240] 3
[9239] 3
[9238] 3
[9236] 3
[9234] 3
[9233] 3
[9227] 3
[9225] 3
[9224] 3
[9222] 3
[9218] 3
[9217] 3
[9216] 3
[9214] 3
[9213] 3
[9212] 3
[9211] 3
[9209] 3
[9207] 3
[9206] 3
[9203] 3
[9201] 3
[9200] 3
[9199] 3
[9193] 3
[9192] 3
[9191] 3
[9184] 3
[9182] 3
[9179] 3
[9178] 3
[9173] 3
[9172] 3
[9168] 3
[9167] 3
[9166] 3
[9165] 3
[9163] 3
[9162] 3
[9152] 3
[9151] 3
[9149] 3
[9148] 3
[9147] 3
[9145] 3
[9141] 3
[9140] 3
[9138] 3
[9137] 3
[9136] 3
[9135] 3
[9133] 3
[9131] 3
[9128] 3
[9126] 3
[9122] 3
[9119] 3
[9115] 3
[9114] 3
[9113] 3
[9107] 3
[9105] 3
[9102] 3
[9101] 3
[9100] 3
[9098] 3
[9097] 3
[9093] 3
[9088] 3
[9085] 3
[9084] 3
[9078] 3
[9077] 3
[9074] 3
[9073] 3
[9072] 3
[9071] 3
[9069] 3
[9068] 3
[9067] 3
[9064] 3
[9063] 3
[9061] 3
[9060] 3
[9058] 3
[9057] 3
[9056] 3
[9054] 3
[9050] 3
[9049] 3
[9048] 3
[9047] 3
[9042] 3
[9041] 3
[9040] 3
[9038] 3
[9037] 3
[9036] 3
[9035] 3
[9030] 3
[9029] 3
[9028] 3
[9027] 3
[9025] 3
[9024] 3
[9021] 3
[9019] 3
[9017] 3
[9009] 3
[9008] 3
[9007] 3
[9003] 3
[9002] 3
[9001] 3
[9000] 3
[8992] 3
[8991] 3
[8990] 3
[8987] 3
[8985] 3
[8981] 3
[8980] 3
[8976] 3
[8975] 3
[8973] 3
[8972] 3
[8968] 3
[8966] 3
[8963] 3
[8961] 3
[8957] 3
[8954] 3
[8953] 3
[8952] 3
[8950] 3
[8947] 3
[8943] 3
[8936] 3
[8933] 3
[8928] 3
[8926] 3
[8925] 3
[8924] 3
[8922] 3
[8921] 3
[8920] 3
[8919] 3
[8917] 3
[8916] 3
[8915] 3
[8914] 3
[8913] 3
[8912] 3
[8906] 3
[8905] 3
[8904] 3
[8903] 3
[8899] 3
[8898] 3
[8896] 3
[8895] 3
[8893] 3
[8892] 3
[8890] 3
[8889] 3
[8885] 3
[8884] 3
[8882] 3
[8881] 3
[8877] 3
[8876] 3
[8874] 3
[8873] 3
[8870] 3
[8869] 3
[8866] 3
[8865] 3
[8862] 3
[8860] 3
[8859] 3
[8854] 3
[8853] 3
[8852] 3
[8851] 3
[8845] 3
[8843] 3
[8842] 3
[8841] 3
[8840] 3
[8839] 3
[8838] 3
[8835] 3
[8827] 3
[8826] 3
[8825] 3
[8822] 3
[8820] 3
[8818] 3
[8817] 3
[8811] 3
[8810] 3
[8808] 3
[8806] 3
[8805] 3
[8804] 3
[8800] 3
[8799] 3
[8797] 3
[8796] 3
[8791] 3
[8790] 3
[8789] 3
[8788] 3
[8787] 3
[8785] 3
[8781] 3
[8778] 3
[8777] 3
[8776] 3
[8774] 3
[8771] 3
[8768] 3
[8766] 3
[8765] 3
[8763] 3
[8762] 3
[8761] 3
[8757] 3
[8756] 3
[8755] 3
[8754] 3
[8752] 3
[8747] 3
[8741] 3
[8740] 3
[8738] 3
[8737] 3
[8733] 3
[8732] 3
[8731] 3
[8729] 3
[8728] 3
[8726] 3
[8720] 3
[8719] 3
[8717] 3
[8715] 3
[8714] 3
[8713] 3
[8709] 3
[8708] 3
[8705] 3
[8704] 3
[8701] 3
[8700] 3
[8699] 3
[8697] 3
[8696] 3
[8695] 3
[8693] 3
[8689] 3
[8688] 3
[8685] 3
[8684] 3
[8683] 3
[8682] 3
[8680] 3
[8678] 3
[8677] 3
[8676] 3
[8668] 3
[8667] 3
[8666] 3
[8664] 3
[8663] 3
[8662] 3
[8661] 3
[8660] 3
[8659] 3
[8658] 3
[8657] 3
[8653] 3
[8652] 3
[8651] 3
[8650] 3
[8649] 3
[8646] 3
[8645] 3
[8644] 3
[8642] 3
[8641] 3
[8636] 3
[8635] 3
[8629] 3
[8627] 3
[8626] 3
[8625] 3
[8624] 3
[8623] 3
[8622] 3
[8621] 3
[8616] 3
[8613] 3
[8612] 3
[8611] 3
[8605] 3
[8601] 3
[8598] 3
[8595] 3
[8591] 3
[8589] 3
[8588] 3
[8587] 3
[8585] 3
[8581] 3
[8580] 3
[8579] 3
[8577] 3
[8576] 3
[8575] 3
[8572] 3
[8571] 3
[8570] 3
[8569] 3
[8566] 3
[8563] 3
[8562] 3
[8558] 3
[8556] 3
[8555] 3
[8550] 3
[8549] 3
[8548] 3
[8545] 3
[8544] 3
[8541] 3
[8539] 3
[8536] 3
[8535] 3
[8533] 3
[8532] 3
[8530] 3
[8529] 3
[8525] 3
[8524] 3
[8523] 3
[8520] 3
[8519] 3
[8518] 3
[8516] 3
[8514] 3
[8513] 3
[8512] 3
[8511] 3
[8507] 3
[8506] 3
[8503] 3
[8502] 3
[8501] 3
[8500] 3
[8496] 3
[8494] 3
[8493] 3
[8492] 3
[8489] 3
[8484] 3
[8481] 3
[8480] 3
[8479] 3
[8477] 3
[8476] 3
[8475] 3
[8474] 3
[8471] 3
[8470] 3
[8468] 3
[8467] 3
[8466] 3
[8465] 3
[8464] 3
[8462] 3
[8459] 3
[8458] 3
[8453] 3
[8452] 3
[8448] 3
[8447] 3
[8440] 3
[8439] 3
[8437] 3
[8436] 3
[8434] 3
[8433] 3
[8429] 3
[8428] 3
[8426] 3
[8425] 3
[8423] 3
[8422] 3
[8421] 3
[8420] 3
[8419] 3
[8418] 3
[8416] 3
[8415] 3
[8414] 3
[8412] 3
[8411] 3
[8409] 3
[8407] 3
[8406] 3
[8405] 3
[8404] 3
[8400] 3
[8398] 3
[8394] 3
[8393] 3
[8392] 3
[8390] 3
[8389] 3
[8388] 3
[8387] 3
[8385] 3
[8381] 3
[8379] 3
[8376] 3
[8374] 3
[8368] 3
[8367] 3
[8365] 3
[8363] 3
[8362] 3
[8361] 3
[8360] 3
[8359] 3
[8357] 3
[8356] 3
[8355] 3
[8354] 3
[8352] 3
[8351] 3
[8349] 3
[8348] 3
[8344] 3
[8343] 3
[8342] 3
[8341] 3
[8338] 3
[8337] 3
[8336] 3
[8335] 3
[8333] 3
[8332] 3
[8331] 3
[8327] 3
[8326] 3
[8324] 3
[8323] 3
[8319] 3
[8316] 3
[8315] 3
[8314] 3
[8312] 3
[8309] 3
[8308] 3
[8305] 3
[8302] 3
[8301] 3
[8300] 3
[8299] 3
[8298] 3
[8297] 3
[8294] 3
[8293] 3
[8292] 3
[8286] 3
[8285] 3
[8284] 3
[8283] 3
[8281] 3
[8275] 3
[8274] 3
[8272] 3
[8270] 3
[8264] 3
[8263] 3
[8261] 3
[8259] 3
[8258] 3
[8257] 3
[8254] 3
[8250] 3
[8248] 3
[8247] 3
[8246] 3
[8244] 3
[8242] 3
[8239] 3
[8235] 3
[8231] 3
[8228] 3
[8227] 3
[8225] 3
[8220] 3
[8217] 3
[8216] 3
[8214] 3
[8213] 3
[8212] 3
[8209] 3
[8204] 3
[8203] 3
[8202] 3
[8201] 3
[8200] 3
[8198] 3
[8197] 3
[8196] 3
[8195] 3
[8194] 3
[8192] 3
[8190] 3
[8189] 3
[8188] 3
[8184] 3
[8182] 3
[8177] 3
[8176] 3
[8173] 3
[8172] 3
[8171] 3
[8170] 3
[8166] 3
[8165] 3
[8162] 3
[8161] 3
[8160] 3
[8159] 3
[8155] 3
[8150] 3
[8149] 3
[8148] 3
[8147] 3
[8145] 3
[8144] 3
[8138] 3
[8136] 3
[8135] 3
[8134] 3
[8129] 3
[8127] 3
[8126] 3
[8125] 3
[8124] 3
[8123] 3
[8120] 3
[8119] 3
[8118] 3
[8117] 3
[8112] 3
[8110] 3
[8107] 3
[8105] 3
[8100] 3
[8099] 3
[8096] 3
[8094] 3
[8093] 3
[8092] 3
[8089] 3
[8088] 3
[8085] 3
[8084] 3
[8082] 3
[8081] 3
[8080] 3
[8079] 3
[8077] 3
[8074] 3
[8072] 3
[8070] 3
[8066] 3
[8061] 3
[8060] 3
[8059] 3
[8058] 3
[8057] 3
[8055] 3
[8052] 3
[8051] 3
[8049] 3
[8046] 3
[8044] 3
[8040] 3
[8038] 3
[8035] 3
[8033] 3
[8027] 3
[8025] 3
[8024] 3
[8022] 3
[8021] 3
[8020] 3
[8018] 3
[8017] 3
[8016] 3
[8015] 3
[8008] 3
[8007] 3
[8005] 3
[8004] 3
[7995] 3
[7993] 3
[7992] 3
[7991] 3
[7989] 3
[7985] 3
[7984] 3
[7982] 3
[7978] 3
[7974] 3
[7970] 3
[7968] 3
[7967] 3
[7964] 3
[7963] 3
[7961] 3
[7960] 3
[7959] 3
[7958] 3
[7957] 3
[7956] 3
[7953] 3
[7944] 3
[7942] 3
[7941] 3
[7940] 3
[7936] 3
[7931] 3
[7929] 3
[7924] 3
[7923] 3
[7920] 3
[7918] 3
[7917] 3
[7916] 3
[7912] 3
[7909] 3
[7907] 3
[7905] 3
[7904] 3
[7903] 3
[7901] 3
[7897] 3
[7895] 3
[7894] 3
[7890] 3
[7887] 3
[7886] 3
[7884] 3
[7879] 3
[7876] 3
[7875] 3
[7873] 3
[7870] 3
[7869] 3
[7863] 3
[7862] 3
[7861] 3
[7860] 3
[7857] 3
[7856] 3
[7855] 3
[7852] 3
[7851] 3
[7850] 3
[7849] 3
[7848] 3
[7843] 3
[7841] 3
[7840] 3
[7839] 3
[7837] 3
[7836] 3
[7830] 3
[7828] 3
[7826] 3
[7825] 3
[7821] 3
[7820] 3
[7819] 3
[7817] 3
[7814] 3
[7813] 3
[7812] 3
[7810] 3
[7809] 3
[7808] 3
[7807] 3
[7805] 3
[7803] 3
[7802] 3
[7799] 3
[7796] 3
[7795] 3
[7794] 3
[7791] 3
[7789] 3
[7786] 3
[7785] 3
[7784] 3
[7783] 3
[7782] 3
[7781] 3
[7779] 3
[7777] 3
[7775] 3
[7774] 3
[7771] 3
[7766] 3
[7764] 3
[7759] 3
[7758] 3
[7755] 3
[7753] 3
[7752] 3
[7751] 3
[7748] 3
[7747] 3
[7744] 3
[7743] 3
[7741] 3
[7740] 3
[7739] 3
[7738] 3
[7736] 3
[7734] 3
[7730] 3
[7729] 3
[7726] 3
[7725] 3
[7724] 3
[7722] 3
[7720] 3
[7719] 3
[7718] 3
[7717] 3
[7716] 3
[7714] 3
[7711] 3
[7710] 3
[7708] 3
[7706] 3
[7705] 3
[7699] 3
[7697] 3
[7692] 3
[7688] 3
[7686] 3
[7685] 3
[7684] 3
[7682] 3
[7681] 3
[7675] 3
[7674] 3
[7667] 3
[7665] 3
[7664] 3
[7663] 3
[7655] 3
[7654] 3
[7653] 3
[7652] 3
[7651] 3
[7649] 3
[7648] 3
[7646] 3
[7645] 3
[7643] 3
[7642] 3
[7641] 3
[7640] 3
[7638] 3
[7637] 3
[7634] 3
[7633] 3
[7632] 3
[7631] 3
[7629] 3
[7628] 3
[7626] 3
[7624] 3
[7621] 3
[7620] 3
[7619] 3
[7616] 3
[7615] 3
[7612] 3
[7610] 3
[7609] 3
[7606] 3
[7605] 3
[7604] 3
[7601] 3
[7600] 3
[7599] 3
[7595] 3
[7592] 3
[7590] 3
[7588] 3
[7583] 3
[7582] 3
[7579] 3
[7577] 3
[7576] 3
[7575] 3
[7571] 3
[7569] 3
[7565] 3
[7564] 3
[7562] 3
[7561] 3
[7560] 3
[7559] 3
[7557] 3
[7556] 3
[7554] 3
[7553] 3
[7549] 3
[7546] 3
[7544] 3
[7543] 3
[7538] 3
[7535] 3
[7533] 3
[7532] 3
[7529] 3
[7525] 3
[7522] 3
[7521] 3
[7520] 3
[7519] 3
[7518] 3
[7515] 3
[7511] 3
[7510] 3
[7509] 3
[7508] 3
[7502] 3
[7501] 3
[7499] 3
[7497] 3
[7488] 3
[7487] 3
[7485] 3
[7484] 3
[7482] 3
[7481] 3
[7480] 3
[7478] 3
[7477] 3
[7476] 3
[7474] 3
[7473] 3
[7469] 3
[7468] 3
[7467] 3
[7466] 3
[7464] 3
[7462] 3
[7461] 3
[7458] 3
[7457] 3
[7456] 3
[7455] 3
[7454] 3
[7448] 3
[7446] 3
[7445] 3
[7444] 3
[7443] 3
[7442] 3
[7441] 3
[7440] 3
[7439] 3
[7436] 3
[7434] 3
[7433] 3
[7432] 3
[7431] 3
[7430] 3
[7427] 3
[7425] 3
[7424] 3
[7418] 3
[7417] 3
[7414] 3
[7412] 3
[7411] 3
[7409] 3
[7407] 3
[7406] 3
[7403] 3
[7400] 3
[7399] 3
[7396] 3
[7395] 3
[7394] 3
[7393] 3
[7392] 3
[7391] 3
[7389] 3
[7388] 3
[7386] 3
[7385] 3
[7384] 3
[7383] 3
[7381] 3
[7380] 3
[7378] 3
[7377] 3
[7373] 3
[7368] 3
[7366] 3
[7365] 3
[7364] 3
[7360] 3
[7358] 3
[7357] 3
[7356] 3
[7354] 3
[7350] 3
[7346] 3
[7345] 3
[7344] 3
[7343] 3
[7341] 3
[7340] 3
[7334] 3
[7330] 3
[7329] 3
[7323] 3
[7322] 3
[7314] 3
[7313] 3
[7312] 3
[7311] 3
[7309] 3
[7307] 3
[7306] 3
[7305] 3
[7303] 3
[7302] 3
[7301] 3
[7300] 3
[7299] 3
[7297] 3
[7296] 3
[7293] 3
[7292] 3
[7291] 3
[7288] 3
[7287] 3
[7283] 3
[7280] 3
[7278] 3
[7275] 3
[7274] 3
[7271] 3
[7269] 3
[7268] 3
[7265] 3
[7264] 3
[7263] 3
[7260] 3
[7254] 3
[7253] 3
[7252] 3
[7251] 3
[7250] 3
[7249] 3
[7248] 3
[7247] 3
[7245] 3
[7244] 3
[7243] 3
[7241] 3
[7238] 3
[7237] 3
[7236] 3
[7232] 3
[7229] 3
[7228] 3
[7219] 3
[7218] 3
[7213] 3
[7212] 3
[7210] 3
[7209] 3
[7208] 3
[7203] 3
[7198] 3
[7197] 3
[7193] 3
[7192] 3
[7191] 3
[7189] 3
[7187] 3
[7183] 3
[7181] 3
[7180] 3
[7179] 3
[7178] 3
[7177] 3
[7176] 3
[7175] 3
[7174] 3
[7173] 3
[7172] 3
[7170] 3
[7169] 3
[7166] 3
[7165] 3
[7162] 3
[7161] 3
[7159] 3
[7158] 3
[7157] 3
[7156] 3
[7155] 3
[7147] 3
[7144] 3
[7142] 3
[7141] 3
[7140] 3
[7138] 3
[7137] 3
[7133] 3
[7132] 3
[7128] 3
[7127] 3
[7126] 3
[7123] 3
[7121] 3
[7120] 3
[7119] 3
[7115] 3
[7113] 3
[7110] 3
[7106] 3
[7105] 3
[7104] 3
[7103] 3
[7098] 3
[7097] 3
[7096] 3
[7095] 3
[7093] 3
[7092] 3
[7091] 3
[7090] 3
[7087] 3
[7086] 3
[7085] 3
[7084] 3
[7078] 3
[7076] 3
[7073] 3
[7072] 3
[7070] 3
[7069] 3
[7068] 3
[7055] 3
[7054] 3
[7048] 3
[7047] 3
[7043] 3
[7042] 3
[7040] 3
[7039] 3
[7033] 3
[7032] 3
[7031] 3
[7026] 3
[7025] 3
[7024] 3
[7023] 3
[7019] 3
[7017] 3
[7016] 3
[7015] 3
[7013] 3
[7012] 3
[7010] 3
[7009] 3
[7008] 3
[7007] 3
[7003] 3
[7000] 3
[6997] 3
[6996] 3
[6994] 3
[6993] 3
[6990] 3
[6988] 3
[6982] 3
[6973] 3
[6972] 3
[6967] 3
[6966] 3
[6962] 3
[6961] 3
[6960] 3
[6959] 3
[6958] 3
[6956] 3
[6955] 3
[6954] 3
[6952] 3
[6950] 3
[6947] 3
[6945] 3
[6939] 3
[6937] 3
[6936] 3
[6935] 3
[6933] 3
[6932] 3
[6931] 3
[6930] 3
[6928] 3
[6927] 3
[6922] 3
[6919] 3
[6912] 3
[6911] 3
[6908] 3
[6907] 3
[6905] 3
[6904] 3
[6902] 3
[6901] 3
[6897] 3
[6896] 3
[6895] 3
[6892] 3
[6891] 3
[6885] 3
[6884] 3
[6878] 3
[6877] 3
[6872] 3
[6871] 3
[6869] 3
[6868] 3
[6867] 3
[6866] 3
[6862] 3
[6856] 3
[6855] 3
[6854] 3
[6852] 3
[6851] 3
[6850] 3
[6848] 3
[6847] 3
[6845] 3
[6842] 3
[6838] 3
[6835] 3
[6834] 3
[6831] 3
[6829] 3
[6828] 3
[6825] 3
[6824] 3
[6822] 3
[6820] 3
[6818] 3
[6817] 3
[6816] 3
[6807] 3
[6806] 3
[6805] 3
[6804] 3
[6802] 3
[6801] 3
[6797] 3
[6796] 3
[6794] 3
[6793] 3
[6792] 3
[6791] 3
[6787] 3
[6781] 3
[6780] 3
[6774] 3
[6772] 3
[6770] 3
[6769] 3
[6765] 3
[6764] 3
[6763] 3
[6762] 3
[6760] 3
[6759] 3
[6755] 3
[6753] 3
[6752] 3
[6751] 3
[6750] 3
[6749] 3
[6745] 3
[6742] 3
[6739] 3
[6731] 3
[6730] 3
[6729] 3
[6728] 3
[6726] 3
[6721] 3
[6720] 3
[6714] 3
[6713] 3
[6710] 3
[6707] 3
[6706] 3
[6703] 3
[6702] 3
[6699] 3
[6697] 3
[6693] 3
[6691] 3
[6688] 3
[6687] 3
[6685] 3
[6684] 3
[6683] 3
[6682] 3
[6678] 3
[6676] 3
[6675] 3
[6673] 3
[6672] 3
[6671] 3
[6669] 3
[6665] 3
[6663] 3
[6662] 3
[6661] 3
[6659] 3
[6657] 3
[6655] 3
[6653] 3
[6651] 3
[6650] 3
[6647] 3
[6642] 3
[6641] 3
[6637] 3
[6636] 3
[6633] 3
[6631] 3
[6629] 3
[6628] 3
[6626] 3
[6625] 3
[6619] 3
[6618] 3
[6616] 3
[6610] 3
[6609] 3
[6608] 3
[6607] 3
[6605] 3
[6604] 3
[6598] 3
[6596] 3
[6590] 3
[6588] 3
[6587] 3
[6585] 3
[6584] 3
[6583] 3
[6580] 3
[6578] 3
[6575] 3
[6574] 3
[6573] 3
[6571] 3
[6570] 3
[6567] 3
[6565] 3
[6564] 3
[6563] 3
[6561] 3
[6559] 3
[6555] 3
[6550] 3
[6546] 3
[6543] 3
[6528] 3
[6526] 3
[6522] 3
[6521] 3
[6513] 3
[6511] 3
[6510] 3
[6508] 3
[6507] 3
[6506] 3
[6504] 3
[6500] 3
[6498] 3
[6497] 3
[6496] 3
[6494] 3
[6493] 3
[6490] 3
[6488] 3
[6486] 3
[6484] 3
[6483] 3
[6481] 3
[6479] 3
[6477] 3
[6476] 3
[6472] 3
[6467] 3
[6466] 3
[6465] 3
[6464] 3
[6463] 3
[6462] 3
[6460] 3
[6458] 3
[6457] 3
[6456] 3
[6454] 3
[6453] 3
[6452] 3
[6451] 3
[6447] 3
[6446] 3
[6440] 3
[6439] 3
[6433] 3
[6431] 3
[6429] 3
[6428] 3
[6424] 3
[6423] 3
[6422] 3
[6420] 3
[6419] 3
[6417] 3
[6411] 3
[6409] 3
[6407] 3
[6406] 3
[6400] 3
[6399] 3
[6398] 3
[6396] 3
[6394] 3
[6390] 3
[6389] 3
[6388] 3
[6387] 3
[6384] 3
[6381] 3
[6379] 3
[6370] 3
[6362] 3
[6361] 3
[6357] 3
[6356] 3
[6351] 3
[6350] 3
[6347] 3
[6346] 3
[6344] 3
[6343] 3
[6342] 3
[6341] 3
[6336] 3
[6335] 3
[6333] 3
[6332] 3
[6331] 3
[6329] 3
[6328] 3
[6326] 3
[6325] 3
[6324] 3
[6322] 3
[6321] 3
[6320] 3
[6319] 3
[6316] 3
[6311] 3
[6310] 3
[6307] 3
[6304] 3
[6303] 3
[6295] 3
[6293] 3
[6289] 3
[6288] 3
[6286] 3
[6285] 3
[6284] 3
[6282] 3
[6281] 3
[6276] 3
[6275] 3
[6269] 3
[6268] 3
[6267] 3
[6266] 3
[6265] 3
[6264] 3
[6258] 3
[6257] 3
[6256] 3
[6255] 3
[6254] 3
[6252] 3
[6250] 3
[6249] 3
[6248] 3
[6246] 3
[6245] 3
[6244] 3
[6242] 3
[6241] 3
[6234] 3
[6233] 3
[6232] 3
[6231] 3
[6229] 3
[6226] 3
[6224] 3
[6223] 3
[6222] 3
[6219] 3
[6218] 3
[6214] 3
[6209] 3
[6207] 3
[6205] 3
[6202] 3
[6199] 3
[6198] 3
[6195] 3
[6192] 3
[6191] 3
[6186] 3
[6181] 3
[6180] 3
[6177] 3
[6176] 3
[6171] 3
[6168] 3
[6167] 3
[6165] 3
[6164] 3
[6163] 3
[6161] 3
[6160] 3
[6159] 3
[6157] 3
[6156] 3
[6152] 3
[6146] 3
[6145] 3
[6143] 3
[6142] 3
[6141] 3
[6132] 3
[6131] 3
[6130] 3
[6128] 3
[6126] 3
[6125] 3
[6124] 3
[6123] 3
[6119] 3
[6117] 3
[6116] 3
[6114] 3
[6113] 3
[6112] 3
[6111] 3
[6107] 3
[6106] 3
[6105] 3
[6101] 3
[6099] 3
[6091] 3
[6090] 3
[6089] 3
[6087] 3
[6085] 3
[6084] 3
[6083] 3
[6081] 3
[6080] 3
[6079] 3
[6077] 3
[6076] 3
[6069] 3
[6068] 3
[6066] 3
[6065] 3
[6059] 3
[6058] 3
[6057] 3
[6056] 3
[6053] 3
[6049] 3
[6048] 3
[6047] 3
[6046] 3
[6043] 3
[6038] 3
[6035] 3
[6033] 3
[6030] 3
[6029] 3
[6027] 3
[6021] 3
[6017] 3
[6015] 3
[6013] 3
[6011] 3
[6010] 3
[6009] 3
[6006] 3
[6003] 3
[6001] 3
[5999] 3
[5998] 3
[5995] 3
[5994] 3
[5992] 3
[5990] 3
[5989] 3
[5988] 3
[5986] 3
[5985] 3
[5984] 3
[5983] 3
[5981] 3
[5980] 3
[5976] 3
[5973] 3
[5972] 3
[5970] 3
[5969] 3
[5967] 3
[5966] 3
[5965] 3
[5961] 3
[5958] 3
[5957] 3
[5954] 3
[5952] 3
[5951] 3
[5949] 3
[5948] 3
[5947] 3
[5946] 3
[5944] 3
[5942] 3
[5941] 3
[5939] 3
[5936] 3
[5934] 3
[5933] 3
[5932] 3
[5926] 3
[5925] 3
[5924] 3
[5923] 3
[5917] 3
[5916] 3
[5915] 3
[5910] 3
[5909] 3
[5908] 3
[5906] 3
[5905] 3
[5904] 3
[5903] 3
[5901] 3
[5899] 3
[5893] 3
[5892] 3
[5888] 3
[5884] 3
[5883] 3
[5880] 3
[5878] 3
[5874] 3
[5869] 3
[5868] 3
[5866] 3
[5864] 3
[5862] 3
[5859] 3
[5857] 3
[5855] 3
[5854] 3
[5853] 3
[5850] 3
[5845] 3
[5841] 3
[5840] 3
[5839] 3
[5837] 3
[5835] 3
[5834] 3
[5833] 3
[5831] 3
[5830] 3
[5826] 3
[5825] 3
[5824] 3
[5822] 3
[5821] 3
[5819] 3
[5811] 3
[5807] 3
[5802] 3
[5801] 3
[5800] 3
[5797] 3
[5796] 3
[5793] 3
[5791] 3
[5790] 3
[5789] 3
[5786] 3
[5784] 3
[5783] 3
[5782] 3
[5779] 3
[5776] 3
[5774] 3
[5773] 3
[5772] 3
[5771] 3
[5770] 3
[5769] 3
[5768] 3
[5767] 3
[5766] 3
[5765] 3
[5764] 3
[5762] 3
[5761] 3
[5760] 3
[5756] 3
[5753] 3
[5750] 3
[5749] 3
[5745] 3
[5744] 3
[5743] 3
[5741] 3
[5739] 3
[5736] 3
[5734] 3
[5732] 3
[5731] 3
[5728] 3
[5727] 3
[5725] 3
[5724] 3
[5720] 3
[5719] 3
[5718] 3
[5714] 3
[5713] 3
[5712] 3
[5711] 3
[5707] 3
[5706] 3
[5704] 3
[5703] 3
[5698] 3
[5697] 3
[5696] 3
[5695] 3
[5693] 3
[5692] 3
[5690] 3
[5689] 3
[5687] 3
[5686] 3
[5685] 3
[5684] 3
[5683] 3
[5682] 3
[5681] 3
[5674] 3
[5672] 3
[5670] 3
[5669] 3
[5668] 3
[5662] 3
[5661] 3
[5660] 3
[5655] 3
[5654] 3
[5650] 3
[5649] 3
[5644] 3
[5642] 3
[5637] 3
[5636] 3
[5635] 3
[5634] 3
[5632] 3
[5631] 3
[5629] 3
[5628] 3
[5624] 3
[5623] 3
[5621] 3
[5620] 3
[5618] 3
[5617] 3
[5616] 3
[5615] 3
[5608] 3
[5607] 3
[5606] 3
[5605] 3
[5604] 3
[5603] 3
[5602] 3
[5601] 3
[5600] 3
[5598] 3
[5595] 3
[5592] 3
[5589] 3
[5588] 3
[5585] 3
[5583] 3
[5582] 3
[5576] 3
[5574] 3
[5573] 3
[5571] 3
[5570] 3
[5569] 3
[5567] 3
[5566] 3
[5565] 3
[5564] 3
[5563] 3
[5562] 3
[5561] 3
[5558] 3
[5557] 3
[5556] 3
[5554] 3
[5553] 3
[5552] 3
[5551] 3
[5549] 3
[5548] 3
[5547] 3
[5545] 3
[5544] 3
[5543] 3
[5539] 3
[5538] 3
[5531] 3
[5530] 3
[5528] 3
[5527] 3
[5525] 3
[5522] 3
[5521] 3
[5520] 3
[5519] 3
[5518] 3
[5515] 3
[5514] 3
[5509] 3
[5506] 3
[5505] 3
[5504] 3
[5499] 3
[5497] 3
[5496] 3
[5494] 3
[5493] 3
[5489] 3
[5488] 3
[5487] 3
[5485] 3
[5483] 3
[5482] 3
[5481] 3
[5479] 3
[5478] 3
[5472] 3
[5471] 3
[5470] 3
[5465] 3
[5459] 3
[5458] 3
[5456] 3
[5454] 3
[5453] 3
[5452] 3
[5448] 3
[5443] 3
[5442] 3
[5441] 3
[5440] 3
[5439] 3
[5438] 3
[5437] 3
[5433] 3
[5430] 3
[5429] 3
[5428] 3
[5427] 3
[5426] 3
[5423] 3
[5421] 3
[5420] 3
[5419] 3
[5412] 3
[5410] 3
[5409] 3
[5406] 3
[5405] 3
[5404] 3
[5400] 3
[5398] 3
[5397] 3
[5393] 3
[5392] 3
[5390] 3
[5389] 3
[5388] 3
[5387] 3
[5385] 3
[5384] 3
[5383] 3
[5381] 3
[5380] 3
[5379] 3
[5377] 3
[5374] 3
[5373] 3
[5372] 3
[5366] 3
[5365] 3
[5364] 3
[5363] 3
[5357] 3
[5356] 3
[5355] 3
[5354] 3
[5353] 3
[5352] 3
[5349] 3
[5346] 3
[5345] 3
[5344] 3
[5343] 3
[5342] 3
[5334] 3
[5331] 3
[5329] 3
[5328] 3
[5324] 3
[5323] 3
[5322] 3
[5321] 3
[5320] 3
[5318] 3
[5314] 3
[5311] 3
[5309] 3
[5308] 3
[5306] 3
[5305] 3
[5304] 3
[5300] 3
[5297] 3
[5296] 3
[5294] 3
[5291] 3
[5289] 3
[5288] 3
[5287] 3
[5284] 3
[5283] 3
[5280] 3
[5279] 3
[5277] 3
[5276] 3
[5272] 3
[5269] 3
[5268] 3
[5267] 3
[5264] 3
[5263] 3
[5262] 3
[5261] 3
[5258] 3
[5255] 3
[5254] 3
[5253] 3
[5251] 3
[5250] 3
[5247] 3
[5245] 3
[5244] 3
[5242] 3
[5241] 3
[5240] 3
[5239] 3
[5236] 3
[5233] 3
[5231] 3
[5230] 3
[5229] 3
[5228] 3
[5226] 3
[5225] 3
[5224] 3
[5223] 3
[5222] 3
[5217] 3
[5216] 3
[5215] 3
[5211] 3
[5210] 3
[5208] 3
[5205] 3
[5204] 3
[5200] 3
[5199] 3
[5192] 3
[5191] 3
[5190] 3
[5187] 3
[5184] 3
[5179] 3
[5174] 3
[5173] 3
[5170] 3
[5165] 3
[5164] 3
[5162] 3
[5159] 3
[5158] 3
[5157] 3
[5156] 3
[5154] 3
[5153] 3
[5151] 3
[5147] 3
[5144] 3
[5142] 3
[5138] 3
[5137] 3
[5133] 3
[5132] 3
[5131] 3
[5128] 3
[5126] 3
[5125] 3
[5124] 3
[5119] 3
[5118] 3
[5116] 3
[5113] 3
[5112] 3
[5111] 3
[5107] 3
[5104] 3
[5103] 3
[5102] 3
[5099] 3
[5098] 3
[5097] 3
[5096] 3
[5093] 3
[5090] 3
[5089] 3
[5087] 3
[5086] 3
[5085] 3
[5082] 3
[5080] 3
[5079] 3
[5077] 3
[5075] 3
[5074] 3
[5070] 3
[5069] 3
[5068] 3
[5066] 3
[5064] 3
[5060] 3
[5059] 3
[5057] 3
[5056] 3
[5052] 3
[5051] 3
[5049] 3
[5048] 3
[5046] 3
[5043] 3
[5040] 3
[5038] 3
[5037] 3
[5036] 3
[5035] 3
[5034] 3
[5032] 3
[5031] 3
[5027] 3
[5026] 3
[5025] 3
[5022] 3
[5021] 3
[5020] 3
[5014] 3
[5011] 3
[5010] 3
[5009] 3
[5008] 3
[5007] 3
[5003] 3
[5002] 3
[5001] 3
[4998] 3
[4997] 3
[4994] 3
[4993] 3
[4992] 3
[4991] 3
[4989] 3
[4987] 3
[4986] 3
[4983] 3
[4982] 3
[4981] 3
[4980] 3
[4979] 3
[4977] 3
[4973] 3
[4969] 3
[4968] 3
[4967] 3
[4963] 3
[4961] 3
[4960] 3
[4959] 3
[4957] 3
[4956] 3
[4954] 3
[4953] 3
[4951] 3
[4948] 3
[4947] 3
[4946] 3
[4943] 3
[4942] 3
[4939] 3
[4938] 3
[4936] 3
[4935] 3
[4931] 3
[4929] 3
[4928] 3
[4927] 3
[4925] 3
[4923] 3
[4922] 3
[4921] 3
[4920] 3
[4919] 3
[4914] 3
[4913] 3
[4912] 3
[4910] 3
[4909] 3
[4908] 3
[4904] 3
[4903] 3
[4901] 3
[4899] 3
[4896] 3
[4892] 3
[4890] 3
[4889] 3
[4888] 3
[4887] 3
[4885] 3
[4884] 3
[4883] 3
[4881] 3
[4880] 3
[4878] 3
[4877] 3
[4876] 3
[4874] 3
[4873] 3
[4870] 3
[4869] 3
[4868] 3
[4867] 3
[4861] 3
[4860] 3
[4859] 3
[4858] 3
[4857] 3
[4856] 3
[4853] 3
[4852] 3
[4851] 3
[4849] 3
[4848] 3
[4846] 3
[4845] 3
[4844] 3
[4843] 3
[4842] 3
[4839] 3
[4838] 3
[4837] 3
[4833] 3
[4832] 3
[4827] 3
[4826] 3
[4824] 3
[4822] 3
[4821] 3
[4820] 3
[4818] 3
[4817] 3
[4816] 3
[4815] 3
[4813] 3
[4812] 3
[4810] 3
[4806] 3
[4805] 3
[4804] 3
[4803] 3
[4801] 3
[4799] 3
[4796] 3
[4795] 3
[4794] 3
[4792] 3
[4791] 3
[4785] 3
[4784] 3
[4783] 3
[4780] 3
[4779] 3
[4778] 3
[4777] 3
[4775] 3
[4772] 3
[4771] 3
[4770] 3
[4766] 3
[4765] 3
[4763] 3
[4760] 3
[4758] 3
[4757] 3
[4756] 3
[4755] 3
[4749] 3
[4748] 3
[4746] 3
[4745] 3
[4744] 3
[4743] 3
[4739] 3
[4738] 3
[4735] 3
[4734] 3
[4733] 3
[4732] 3
[4731] 3
[4729] 3
[4728] 3
[4727] 3
[4725] 3
[4723] 3
[4719] 3
[4717] 3
[4716] 3
[4715] 3
[4714] 3
[4712] 3
[4708] 3
[4706] 3
[4705] 3
[4703] 3
[4702] 3
[4698] 3
[4697] 3
[4694] 3
[4693] 3
[4692] 3
[4691] 3
[4688] 3
[4687] 3
[4686] 3
[4683] 3
[4681] 3
[4680] 3
[4679] 3
[4674] 3
[4673] 3
[4672] 3
[4670] 3
[4669] 3
[4668] 3
[4662] 3
[4661] 3
[4660] 3
[4659] 3
[4658] 3
[4657] 3
[4656] 3
[4655] 3
[4653] 3
[4652] 3
[4651] 3
[4650] 3
[4649] 3
[4646] 3
[4642] 3
[4641] 3
[4640] 3
[4639] 3
[4638] 3
[4636] 3
[4634] 3
[4630] 3
[4629] 3
[4628] 3
[4627] 3
[4626] 3
[4619] 3
[4616] 3
[4614] 3
[4613] 3
[4612] 3
[4610] 3
[4607] 3
[4606] 3
[4604] 3
[4602] 3
[4601] 3
[4598] 3
[4595] 3
[4593] 3
[4591] 3
[4590] 3
[4587] 3
[4586] 3
[4584] 3
[4583] 3
[4581] 3
[4580] 3
[4579] 3
[4578] 3
[4576] 3
[4575] 3
[4573] 3
[4571] 3
[4570] 3
[4569] 3
[4568] 3
[4567] 3
[4565] 3
[4564] 3
[4563] 3
[4561] 3
[4560] 3
[4558] 3
[4555] 3
[4553] 3
[4552] 3
[4551] 3
[4547] 3
[4542] 3
[4541] 3
[4540] 3
[4538] 3
[4537] 3
[4536] 3
[4535] 3
[4533] 3
[4532] 3
[4529] 3
[4528] 3
[4527] 3
[4526] 3
[4525] 3
[4524] 3
[4518] 3
[4515] 3
[4512] 3
[4511] 3
[4509] 3
[4508] 3
[4507] 3
[4506] 3
[4504] 3
[4502] 3
[4498] 3
[4497] 3
[4496] 3
[4494] 3
[4493] 3
[4492] 3
[4491] 3
[4486] 3
[4481] 3
[4477] 3
[4476] 3
[4475] 3
[4473] 3
[4472] 3
[4471] 3
[4469] 3
[4465] 3
[4464] 3
[4462] 3
[4461] 3
[4460] 3
[4458] 3
[4454] 3
[4452] 3
[4451] 3
[4447] 3
[4444] 3
[4443] 3
[4442] 3
[4441] 3
[4438] 3
[4437] 3
[4436] 3
[4434] 3
[4433] 3
[4432] 3
[4431] 3
[4429] 3
[4428] 3
[4423] 3
[4422] 3
[4416] 3
[4415] 3
[4414] 3
[4411] 3
[4408] 3
[4406] 3
[4405] 3
[4404] 3
[4403] 3
[4402] 3
[4400] 3
[4399] 3
[4398] 3
[4396] 3
[4394] 3
[4393] 3
[4392] 3
[4391] 3
[4390] 3
[4388] 3
[4387] 3
[4386] 3
[4384] 3
[4382] 3
[4377] 3
[4376] 3
[4375] 3
[4372] 3
[4371] 3
[4370] 3
[4367] 3
[4365] 3
[4363] 3
[4362] 3
[4360] 3
[4357] 3
[4356] 3
[4354] 3
[4353] 3
[4352] 3
[4347] 3
[4346] 3
[4342] 3
[4339] 3
[4337] 3
[4335] 3
[4334] 3
[4333] 3
[4332] 3
[4330] 3
[4329] 3
[4328] 3
[4327] 3
[4321] 3
[4318] 3
[4317] 3
[4316] 3
[4315] 3
[4313] 3
[4312] 3
[4311] 3
[4310] 3
[4309] 3
[4308] 3
[4305] 3
[4301] 3
[4300] 3
[4299] 3
[4298] 3
[4296] 3
[4295] 3
[4293] 3
[4292] 3
[4290] 3
[4289] 3
[4288] 3
[4286] 3
[4282] 3
[4281] 3
[4280] 3
[4278] 3
[4276] 3
[4271] 3
[4267] 3
[4265] 3
[4264] 3
[4263] 3
[4257] 3
[4253] 3
[4252] 3
[4250] 3
[4249] 3
[4246] 3
[4243] 3
[4242] 3
[4238] 3
[4237] 3
[4235] 3
[4234] 3
[4232] 3
[4230] 3
[4229] 3
[4228] 3
[4227] 3
[4226] 3
[4224] 3
[4223] 3
[4221] 3
[4220] 3
[4219] 3
[4218] 3
[4213] 3
[4212] 3
[4211] 3
[4210] 3
[4205] 3
[4201] 3
[4199] 3
[4198] 3
[4197] 3
[4195] 3
[4192] 3
[4191] 3
[4189] 3
[4188] 3
[4186] 3
[4183] 3
[4177] 3
[4176] 3
[4174] 3
[4170] 3
[4169] 3
[4168] 3
[4167] 3
[4164] 3
[4163] 3
[4162] 3
[4161] 3
[4157] 3
[4156] 3
[4154] 3
[4153] 3
[4152] 3
[4151] 3
[4150] 3
[4149] 3
[4146] 3
[4145] 3
[4144] 3
[4140] 3
[4136] 3
[4135] 3
[4134] 3
[4133] 3
[4131] 3
[4130] 3
[4128] 3
[4126] 3
[4125] 3
[4124] 3
[4123] 3
[4121] 3
[4120] 3
[4119] 3
[4117] 3
[4116] 3
[4115] 3
[4113] 3
[4111] 3
[4110] 3
[4109] 3
[4107] 3
[4106] 3
[4102] 3
[4097] 3
[4096] 3
[4092] 3
[4091] 3
[4090] 3
[4088] 3
[4081] 3
[4080] 3
[4079] 3
[4073] 3
[4072] 3
[4071] 3
[4070] 3
[4067] 3
[4065] 3
[4064] 3
[4063] 3
[4062] 3
[4059] 3
[4057] 3
[4056] 3
[4055] 3
[4051] 3
[4050] 3
[4048] 3
[4047] 3
[4046] 3
[4045] 3
[4040] 3
[4036] 3
[4031] 3
[4030] 3
[4029] 3
[4026] 3
[4024] 3
[4022] 3
[4020] 3
[4019] 3
[4017] 3
[4015] 3
[4013] 3
[4012] 3
[4011] 3
[4002] 3
[4001] 3
[3999] 3
[3998] 3
[3997] 3
[3995] 3
[3994] 3
[3993] 3
[3992] 3
[3991] 3
[3989] 3
[3988] 3
[3987] 3
[3986] 3
[3979] 3
[3977] 3
[3976] 3
[3975] 3
[3971] 3
[3970] 3
[3969] 3
[3968] 3
[3967] 3
[3966] 3
[3965] 3
[3964] 3
[3962] 3
[3961] 3
[3960] 3
[3959] 3
[3958] 3
[3957] 3
[3956] 3
[3955] 3
[3949] 3
[3948] 3
[3947] 3
[3944] 3
[3941] 3
[3940] 3
[3939] 3
[3937] 3
[3935] 3
[3927] 3
[3926] 3
[3925] 3
[3924] 3
[3923] 3
[3915] 3
[3912] 3
[3911] 3
[3909] 3
[3908] 3
[3906] 3
[3902] 3
[3900] 3
[3898] 3
[3897] 3
[3894] 3
[3892] 3
[3891] 3
[3890] 3
[3888] 3
[3886] 3
[3883] 3
[3882] 3
[3880] 3
[3879] 3
[3872] 3
[3871] 3
[3870] 3
[3867] 3
[3863] 3
[3860] 3
[3855] 3
[3854] 3
[3853] 3
[3850] 3
[3848] 3
[3846] 3
[3837] 3
[3835] 3
[3834] 3
[3833] 3
[3832] 3
[3830] 3
[3829] 3
[3826] 3
[3824] 3
[3822] 3
[3821] 3
[3820] 3
[3811] 3
[3805] 3
[3804] 3
[3800] 3
[3799] 3
[3793] 3
[3792] 3
[3791] 3
[3790] 3
[3786] 3
[3785] 3
[3784] 3
[3783] 3
[3782] 3
[3779] 3
[3776] 3
[3775] 3
[3774] 3
[3773] 3
[3770] 3
[3769] 3
[3768] 3
[3766] 3
[3765] 3
[3760] 3
[3757] 3
[3756] 3
[3753] 3
[3750] 3
[3748] 3
[3738] 3
[3736] 3
[3735] 3
[3730] 3
[3729] 3
[3723] 3
[3721] 3
[3718] 3
[3717] 3
[3716] 3
[3707] 3
[3706] 3
[3705] 3
[3704] 3
[3703] 3
[3702] 3
[3698] 3
[3695] 3
[3690] 3
[3689] 3
[3685] 3
[3683] 3
[3681] 3
[3679] 3
[3678] 3
[3676] 3
[3674] 3
[3672] 3
[3667] 3
[3666] 3
[3662] 3
[3661] 3
[3660] 3
[3659] 3
[3654] 3
[3653] 3
[3652] 3
[3651] 3
[3649] 3
[3646] 3
[3635] 3
[3634] 3
[3628] 3
[3627] 3
[3626] 3
[3625] 3
[3624] 3
[3623] 3
[3621] 3
[3620] 3
[3619] 3
[3618] 3
[3617] 3
[3616] 3
[3615] 3
[3614] 3
[3613] 3
[3612] 3
[3606] 3
[3605] 3
[3604] 3
[3603] 3
[3602] 3
[3601] 3
[3600] 3
[3599] 3
[3595] 3
[3592] 3
[3591] 3
[3589] 3
[3588] 3
[3586] 3
[3585] 3
[3584] 3
[3579] 3
[3578] 3
[3575] 3
[3574] 3
[3571] 3
[3570] 3
[3561] 3
[3560] 3
[3559] 3
[3557] 3
[3556] 3
[3553] 3
[3552] 3
[3550] 3
[3546] 3
[3545] 3
[3542] 3
[3541] 3
[3540] 3
[3539] 3
[3531] 3
[3530] 3
[3529] 3
[3528] 3
[3527] 3
[3526] 3
[3525] 3
[3524] 3
[3520] 3
[3519] 3
[3518] 3
[3516] 3
[3512] 3
[3510] 3
[3502] 3
[3501] 3
[3500] 3
[3496] 3
[3494] 3
[3493] 3
[3489] 3
[3488] 3
[3484] 3
[3483] 3
[3481] 3
[3480] 3
[3479] 3
[3471] 3
[3470] 3
[3464] 3
[3463] 3
[3460] 3
[3459] 3
[3453] 3
[3452] 3
[3450] 3
[3447] 3
[3443] 3
[3440] 3
[3439] 3
[3438] 3
[3437] 3
[3436] 3
[3435] 3
[3434] 3
[3429] 3
[3428] 3
[3427] 3
[3426] 3
[3424] 3
[3422] 3
[3416] 3
[3414] 3
[3412] 3
[3410] 3
[3409] 3
[3408] 3
[3404] 3
[3402] 3
[3400] 3
[3397] 3
[3395] 3
[3393] 3
[3388] 3
[3387] 3
[3386] 3
[3381] 3
[3379] 3
[3378] 3
[3377] 3
[3376] 3
[3375] 3
[3372] 3
[3371] 3
[3369] 3
[3366] 3
[3363] 3
[3362] 3
[3361] 3
[3360] 3
[3359] 3
[3355] 3
[3354] 3
[3353] 3
[3352] 3
[3346] 3
[3345] 3
[3341] 3
[3340] 3
[3338] 3
[3337] 3
[3336] 3
[3335] 3
[3331] 3
[3327] 3
[3326] 3
[3325] 3
[3321] 3
[3320] 3
[3319] 3
[3318] 3
[3311] 3
[3309] 3
[3308] 3
[3302] 3
[3295] 3
[3294] 3
[3292] 3
[3291] 3
[3285] 3
[3282] 3
[3278] 3
[3275] 3
[3274] 3
[3273] 3
[3272] 3
[3271] 3
[3263] 3
[3262] 3
[3261] 3
[3260] 3
[3258] 3
[3257] 3
[3251] 3
[3245] 3
[3244] 3
[3242] 3
[3238] 3
[3234] 3
[3233] 3
[3232] 3
[3231] 3
[3230] 3
[3228] 3
[3224] 3
[3222] 3
[3219] 3
[3218] 3
[3216] 3
[3214] 3
[3213] 3
[3210] 3
[3208] 3
[3206] 3
[3205] 3
[3201] 3
[3198] 3
[3197] 3
[3196] 3
[3194] 3
[3193] 3
[3190] 3
[3189] 3
[3188] 3
[3187] 3
[3186] 3
[3185] 3
[3184] 3
[3183] 3
[3179] 3
[3178] 3
[3177] 3
[3174] 3
[3170] 3
[3169] 3
[3168] 3
[3167] 3
[3162] 3
[3161] 3
[3157] 3
[3156] 3
[3155] 3
[3153] 3
[3152] 3
[3146] 3
[3144] 3
[3142] 3
[3139] 3
[3137] 3
[3134] 3
[3130] 3
[3129] 3
[3128] 3
[3126] 3
[3119] 3
[3118] 3
[3112] 3
[3111] 3
[3109] 3
[3105] 3
[3101] 3
[3099] 3
[3098] 3
[3097] 3
[3096] 3
[3094] 3
[3088] 3
[3086] 3
[3084] 3
[3083] 3
[3082] 3
[3081] 3
[3080] 3
[3079] 3
[3077] 3
[3076] 3
[3075] 3
[3072] 3
[3067] 3
[3064] 3
[3063] 3
[3061] 3
[3059] 3
[3057] 3
[3055] 3
[3054] 3
[3053] 3
[3052] 3
[3050] 3
[3045] 3
[3044] 3
[3043] 3
[3040] 3
[3038] 3
[3037] 3
[3036] 3
[3035] 3
[3034] 3
[3032] 3
[3030] 3
[3029] 3
[3025] 3
[3022] 3
[3021] 3
[3020] 3
[3019] 3
[3018] 3
[3014] 3
[3012] 3
[3011] 3
[3010] 3
[3009] 3
[3005] 3
[3002] 3
[2997] 3
[2995] 3
[2992] 3
[2991] 3
[2990] 3
[2988] 3
[2986] 3
[2985] 3
[2984] 3
[2981] 3
[2979] 3
[2977] 3
[2976] 3
[2974] 3
[2973] 3
[2969] 3
[2968] 3
[2966] 3
[2964] 3
[2963] 3
[2962] 3
[2961] 3
[2960] 3
[2959] 3
[2957] 3
[2956] 3
[2954] 3
[2950] 3
[2949] 3
[2948] 3
[2945] 3
[2944] 3
[2941] 3
[2936] 3
[2933] 3
[2932] 3
[2931] 3
[2930] 3
[2927] 3
[2926] 3
[2924] 3
[2923] 3
[2922] 3
[2921] 3
[2920] 3
[2918] 3
[2917] 3
[2916] 3
[2915] 3
[2914] 3
[2911] 3
[2910] 3
[2909] 3
[2907] 3
[2901] 3
[2900] 3
[2899] 3
[2898] 3
[2893] 3
[2892] 3
[2890] 3
[2889] 3
[2888] 3
[2887] 3
[2885] 3
[2884] 3
[2882] 3
[2881] 3
[2879] 3
[2878] 3
[2876] 3
[2873] 3
[2872] 3
[2869] 3
[2867] 3
[2865] 3
[2864] 3
[2857] 3
[2856] 3
[2855] 3
[2853] 3
[2852] 3
[2849] 3
[2845] 3
[2844] 3
[2839] 3
[2837] 3
[2836] 3
[2835] 3
[2834] 3
[2833] 3
[2832] 3
[2830] 3
[2827] 3
[2826] 3
[2825] 3
[2823] 3
[2816] 3
[2815] 3
[2813] 3
[2812] 3
[2811] 3
[2810] 3
[2808] 3
[2806] 3
[2799] 3
[2798] 3
[2797] 3
[2796] 3
[2795] 3
[2793] 3
[2789] 3
[2787] 3
[2786] 3
[2785] 3
[2784] 3
[2783] 3
[2778] 3
[2777] 3
[2776] 3
[2775] 3
[2771] 3
[2769] 3
[2768] 3
[2766] 3
[2762] 3
[2761] 3
[2760] 3
[2758] 3
[2757] 3
[2753] 3
[2749] 3
[2747] 3
[2746] 3
[2745] 3
[2744] 3
[2742] 3
[2739] 3
[2738] 3
[2734] 3
[2733] 3
[2732] 3
[2731] 3
[2730] 3
[2729] 3
[2723] 3
[2722] 3
[2720] 3
[2719] 3
[2717] 3
[2716] 3
[2714] 3
[2713] 3
[2712] 3
[2710] 3
[2709] 3
[2704] 3
[2703] 3
[2702] 3
[2701] 3
[2700] 3
[2699] 3
[2694] 3
[2693] 3
[2691] 3
[2689] 3
[2688] 3
[2684] 3
[2683] 3
[2681] 3
[2680] 3
[2678] 3
[2676] 3
[2673] 3
[2670] 3
[2669] 3
[2668] 3
[2667] 3
[2666] 3
[2663] 3
[2659] 3
[2655] 3
[2654] 3
[2651] 3
[2649] 3
[2648] 3
[2647] 3
[2643] 3
[2641] 3
[2639] 3
[2638] 3
[2637] 3
[2636] 3
[2634] 3
[2633] 3
[2632] 3
[2627] 3
[2626] 3
[2625] 3
[2623] 3
[2622] 3
[2621] 3
[2618] 3
[2617] 3
[2616] 3
[2613] 3
[2607] 3
[2605] 3
[2604] 3
[2603] 3
[2601] 3
[2598] 3
[2595] 3
[2593] 3
[2592] 3
[2589] 3
[2586] 3
[2585] 3
[2584] 3
[2581] 3
[2580] 3
[2579] 3
[2577] 3
[2574] 3
[2573] 3
[2570] 3
[2569] 3
[2568] 3
[2566] 3
[2565] 3
[2564] 3
[2560] 3
[2558] 3
[2552] 3
[2551] 3
[2549] 3
[2547] 3
[2541] 3
[2539] 3
[2538] 3
[2533] 3
[2529] 3
[2526] 3
[2524] 3
[2523] 3
[2521] 3
[2519] 3
[2518] 3
[2515] 3
[2513] 3
[2512] 3
[2504] 3
[2503] 3
[2501] 3
[2500] 3
[2498] 3
[2496] 3
[2495] 3
[2494] 3
[2493] 3
[2492] 3
[2491] 3
[2486] 3
[2485] 3
[2484] 3
[2482] 3
[2479] 3
[2478] 3
[2475] 3
[2474] 3
[2472] 3
[2471] 3
[2468] 3
[2467] 3
[2466] 3
[2465] 3
[2464] 3
[2462] 3
[2459] 3
[2458] 3
[2457] 3
[2453] 3
[2452] 3
[2451] 3
[2450] 3
[2449] 3
[2448] 3
[2446] 3
[2445] 3
[2442] 3
[2439] 3
[2438] 3
[2437] 3
[2436] 3
[2433] 3
[2431] 3
[2428] 3
[2426] 3
[2425] 3
[2421] 3
[2420] 3
[2419] 3
[2417] 3
[2416] 3
[2412] 3
[2408] 3
[2406] 3
[2403] 3
[2401] 3
[2389] 3
[2388] 3
[2387] 3
[2386] 3
[2384] 3
[2382] 3
[2380] 3
[2379] 3
[2375] 3
[2374] 3
[2373] 3
[2369] 3
[2365] 3
[2360] 3
[2359] 3
[2356] 3
[2354] 3
[2353] 3
[2351] 3
[2350] 3
[2349] 3
[2348] 3
[2346] 3
[2342] 3
[2341] 3
[2340] 3
[2339] 3
[2337] 3
[2335] 3
[2332] 3
[2331] 3
[2329] 3
[2328] 3
[2327] 3
[2326] 3
[2325] 3
[2322] 3
[2321] 3
[2319] 3
[2318] 3
[2314] 3
[2313] 3
[2311] 3
[2309] 3
[2301] 3
[2300] 3
[2299] 3
[2297] 3
[2295] 3
[2294] 3
[2293] 3
[2292] 3
[2288] 3
[2287] 3
[2286] 3
[2285] 3
[2284] 3
[2282] 3
[2281] 3
[2280] 3
[2277] 3
[2276] 3
[2275] 3
[2272] 3
[2270] 3
[2269] 3
[2265] 3
[2264] 3
[2263] 3
[2261] 3
[2259] 3
[2257] 3
[2255] 3
[2254] 3
[2252] 3
[2251] 3
[2248] 3
[2245] 3
[2244] 3
[2243] 3
[2238] 3
[2237] 3
[2234] 3
[2233] 3
[2231] 3
[2230] 3
[2227] 3
[2224] 3
[2223] 3
[2222] 3
[2221] 3
[2218] 3
[2217] 3
[2216] 3
[2214] 3
[2207] 3
[2206] 3
[2205] 3
[2204] 3
[2199] 3
[2198] 3
[2193] 3
[2189] 3
[2188] 3
[2186] 3
[2185] 3
[2184] 3
[2180] 3
[2178] 3
[2177] 3
[2174] 3
[2171] 3
[2170] 3
[2164] 3
[2163] 3
[2162] 3
[2157] 3
[2156] 3
[2152] 3
[2151] 3
[2149] 3
[2148] 3
[2146] 3
[2144] 3
[2143] 3
[2142] 3
[2134] 3
[2133] 3
[2132] 3
[2131] 3
[2127] 3
[2126] 3
[2123] 3
[2118] 3
[2114] 3
[2113] 3
[2111] 3
[2110] 3
[2107] 3
[2105] 3
[2104] 3
[2103] 3
[2098] 3
[2097] 3
[2096] 3
[2091] 3
[2088] 3
[2085] 3
[2084] 3
[2080] 3
[2079] 3
[2078] 3
[2076] 3
[2075] 3
[2073] 3
[2069] 3
[2068] 3
[2067] 3
[2065] 3
[2063] 3
[2062] 3
[2061] 3
[2060] 3
[2056] 3
[2055] 3
[2052] 3
[2051] 3
[2046] 3
[2043] 3
[2042] 3
[2041] 3
[2039] 3
[2038] 3
[2032] 3
[2029] 3
[2023] 3
[2022] 3
[2019] 3
[2013] 3
[2012] 3
[2010] 3
[2009] 3
[2008] 3
[2006] 3
[2005] 3
[2001] 3
[1998] 3
[1996] 3
[1994] 3
[1991] 3
[1989] 3
[1988] 3
[1987] 3
[1986] 3
[1983] 3
[1980] 3
[1975] 3
[1974] 3
[1973] 3
[1971] 3
[1970] 3
[1968] 3
[1967] 3
[1966] 3
[1958] 3
[1955] 3
[1954] 3
[1953] 3
[1944] 3
[1943] 3
[1941] 3
[1940] 3
[1939] 3
[1938] 3
[1935] 3
[1934] 3
[1928] 3
[1927] 3
[1926] 3
[1923] 3
[1920] 3
[1918] 3
[1917] 3
[1914] 3
[1912] 3
[1911] 3
[1910] 3
[1909] 3
[1906] 3
[1903] 3
[1901] 3
[1900] 3
[1898] 3
[1897] 3
[1895] 3
[1894] 3
[1893] 3
[1892] 3
[1890] 3
[1889] 3
[1887] 3
[1886] 3
[1881] 3
[1880] 3
[1879] 3
[1878] 3
[1877] 3
[1876] 3
[1874] 3
[1873] 3
[1869] 3
[1868] 3
[1866] 3
[1865] 3
[1858] 3
[1857] 3
[1854] 3
[1853] 3
[1852] 3
[1850] 3
[1849] 3
[1848] 3
[1846] 3
[1845] 3
[1837] 3
[1836] 3
[1833] 3
[1830] 3
[1829] 3
[1825] 3
[1822] 3
[1821] 3
[1818] 3
[1814] 3
[1813] 3
[1812] 3
[1811] 3
[1809] 3
[1808] 3
[1806] 3
[1805] 3
[1803] 3
[1802] 3
[1801] 3
[1800] 3
[1799] 3
[1793] 3
[1792] 3
[1791] 3
[1790] 3
[1789] 3
[1788] 3
[1786] 3
[1785] 3
[1782] 3
[1778] 3
[1775] 3
[1774] 3
[1773] 3
[1772] 3
[1771] 3
[1769] 3
[1766] 3
[1765] 3
[1764] 3
[1760] 3
[1758] 3
[1757] 3
[1756] 3
[1755] 3
[1752] 3
[1751] 3
[1750] 3
[1748] 3
[1746] 3
[1745] 3
[1741] 3
[1736] 3
[1735] 3
[1733] 3
[1732] 3
[1730] 3
[1729] 3
[1728] 3
[1726] 3
[1725] 3
[1724] 3
[1722] 3
[1721] 3
[1720] 3
[1719] 3
[1716] 3
[1715] 3
[1712] 3
[1710] 3
[1709] 3
[1708] 3
[1705] 3
[1702] 3
[1693] 3
[1692] 3
[1691] 3
[1689] 3
[1687] 3
[1686] 3
[1680] 3
[1675] 3
[1667] 3
[1665] 3
[1664] 3
[1660] 3
[1658] 3
[1657] 3
[1656] 3
[1655] 3
[1653] 3
[1649] 3
[1648] 3
[1646] 3
[1642] 3
[1639] 3
[1636] 3
[1633] 3
[1631] 3
[1630] 3
[1629] 3
[1627] 3
[1626] 3
[1625] 3
[1624] 3
[1623] 3
[1621] 3
[1620] 3
[1617] 3
[1615] 3
[1614] 3
[1610] 3
[1609] 3
[1607] 3
[1606] 3
[1602] 3
[1601] 3
[1600] 3
[1598] 3
[1594] 3
[1593] 3
[1592] 3
[1591] 3
[1587] 3
[1586] 3
[1585] 3
[1584] 3
[1583] 3
[1582] 3
[1581] 3
[1580] 3
[1579] 3
[1577] 3
[1576] 3
[1572] 3
[1571] 3
[1570] 3
[1567] 3
[1566] 3
[1565] 3
[1562] 3
[1560] 3
[1558] 3
[1557] 3
[1555] 3
[1554] 3
[1553] 3
[1552] 3
[1550] 3
[1549] 3
[1548] 3
[1547] 3
[1544] 3
[1540] 3
[1539] 3
[1534] 3
[1532] 3
[1530] 3
[1529] 3
[1528] 3
[1526] 3
[1525] 3
[1524] 3
[1522] 3
[1521] 3
[1517] 3
[1516] 3
[1514] 3
[1513] 3
[1512] 3
[1510] 3
[1509] 3
[1508] 3
[1506] 3
[1505] 3
[1504] 3
[1500] 3
[1496] 3
[1495] 3
[1491] 3
[1489] 3
[1488] 3
[1487] 3
[1485] 3
[1484] 3
[1482] 3
[1481] 3
[1479] 3
[1478] 3
[1477] 3
[1476] 3
[1475] 3
[1473] 3
[1471] 3
[1468] 3
[1466] 3
[1465] 3
[1463] 3
[1462] 3
[1461] 3
[1460] 3
[1459] 3
[1458] 3
[1457] 3
[1455] 3
[1452] 3
[1448] 3
[1447] 3
[1445] 3
[1444] 3
[1441] 3
[1440] 3
[1438] 3
[1429] 3
[1425] 3
[1418] 3
[1417] 3
[1416] 3
[1415] 3
[1414] 3
[1413] 3
[1411] 3
[1410] 3
[1405] 3
[1404] 3
[1402] 3
[1401] 3
[1400] 3
[1396] 3
[1394] 3
[1393] 3
[1392] 3
[1391] 3
[1389] 3
[1388] 3
[1387] 3
[1385] 3
[1381] 3
[1379] 3
[1375] 3
[1374] 3
[1373] 3
[1372] 3
[1371] 3
[1368] 3
[1365] 3
[1361] 3
[1359] 3
[1358] 3
[1352] 3
[1350] 3
[1349] 3
[1348] 3
[1346] 3
[1345] 3
[1338] 3
[1336] 3
[1335] 3
[1334] 3
[1330] 3
[1329] 3
[1328] 3
[1327] 3
[1326] 3
[1324] 3
[1323] 3
[1321] 3
[1320] 3
[1319] 3
[1317] 3
[1316] 3
[1315] 3
[1313] 3
[1312] 3
[1311] 3
[1310] 3
[1308] 3
[1306] 3
[1305] 3
[1304] 3
[1303] 3
[1301] 3
[1295] 3
[1291] 3
[1290] 3
[1286] 3
[1285] 3
[1284] 3
[1283] 3
[1280] 3
[1276] 3
[1274] 3
[1273] 3
[1271] 3
[1270] 3
[1269] 3
[1268] 3
[1266] 3
[1265] 3
[1264] 3
[1262] 3
[1261] 3
[1259] 3
[1258] 3
[1257] 3
[1251] 3
[1250] 3
[1246] 3
[1245] 3
[1242] 3
[1241] 3
[1240] 3
[1239] 3
[1237] 3
[1236] 3
[1235] 3
[1230] 3
[1224] 3
[1221] 3
[1220] 3
[1219] 3
[1218] 3
[1217] 3
[1215] 3
[1214] 3
[1213] 3
[1209] 3
[1208] 3
[1207] 3
[1206] 3
[1203] 3
[1201] 3
[1199] 3
[1198] 3
[1197] 3
[1196] 3
[1194] 3
[1190] 3
[1189] 3
[1188] 3
[1184] 3
[1182] 3
[1181] 3
[1180] 3
[1176] 3
[1175] 3
[1173] 3
[1172] 3
[1170] 3
[1169] 3
[1165] 3
[1164] 3
[1163] 3
[1161] 3
[1160] 3
[1159] 3
[1157] 3
[1156] 3
[1155] 3
[1154] 3
[1151] 3
[1150] 3
[1149] 3
[1148] 3
[1144] 3
[1142] 3
[1141] 3
[1139] 3
[1138] 3
[1137] 3
[1134] 3
[1132] 3
[1130] 3
[1128] 3
[1125] 3
[1118] 3
[1113] 3
[1110] 3
[1107] 3
[1105] 3
[1104] 3
[1103] 3
[1101] 3
[1099] 3
[1098] 3
[1097] 3
[1096] 3
[1094] 3
[1089] 3
[1085] 3
[1082] 3
[1081] 3
[1075] 3
[1074] 3
[1071] 3
[1070] 3
[1066] 3
[1065] 3
[1064] 3
[1062] 3
[1061] 3
[1060] 3
[1058] 3
[1056] 3
[1055] 3
[1054] 3
[1044] 3
[1042] 3
[1041] 3
[1040] 3
[1038] 3
[1036] 3
[1034] 3
[1033] 3
[1032] 3
[1030] 3
[1029] 3
[1027] 3
[1026] 3
[1025] 3
[1024] 3
[1022] 3
[1021] 3
[1020] 3
[1019] 3
[1016] 3
[1015] 3
[1009] 3
[1005] 3
[1004] 3
[1000] 3
[999] 3
[989] 3
[988] 3
[986] 3
[985] 3
[984] 3
[982] 3
[981] 3
[980] 3
[978] 3
[977] 3
[976] 3
[974] 3
[973] 3
[972] 3
[969] 3
[968] 3
[965] 3
[964] 3
[960] 3
[951] 3
[950] 3
[948] 3
[946] 3
[944] 3
[938] 3
[933] 3
[932] 3
[931] 3
[929] 3
[925] 3
[923] 3
[922] 3
[921] 3
[919] 3
[918] 3
[917] 3
[916] 3
[913] 3
[912] 3
[911] 3
[901] 3
[900] 3
[898] 3
[897] 3
[896] 3
[895] 3
[893] 3
[891] 3
[890] 3
[889] 3
[880] 3
[879] 3
[878] 3
[877] 3
[876] 3
[874] 3
[873] 3
[872] 3
[869] 3
[867] 3
[864] 3
[862] 3
[860] 3
[857] 3
[856] 3
[855] 3
[854] 3
[851] 3
[850] 3
[849] 3
[848] 3
[842] 3
[840] 3
[835] 3
[833] 3
[825] 3
[824] 3
[823] 3
[821] 3
[820] 3
[819] 3
[817] 3
[816] 3
[814] 3
[810] 3
[809] 3
[808] 3
[807] 3
[804] 3
[803] 3
[802] 3
[801] 3
[799] 3
[798] 3
[797] 3
[796] 3
[786] 3
[785] 3
[784] 3
[783] 3
[778] 3
[774] 3
[772] 3
[768] 3
[767] 3
[766] 3
[763] 3
[760] 3
[758] 3
[755] 3
[753] 3
[752] 3
[751] 3
[745] 3
[735] 3
[734] 3
[730] 3
[729] 3
[727] 3
[726] 3
[725] 3
[723] 3
[722] 3
[721] 3
[714] 3
[711] 3
[706] 3
[705] 3
[699] 3
[697] 3
[693] 3
[692] 3
[690] 3
[689] 3
[688] 3
[686] 3
[685] 3
[684] 3
[682] 3
[681] 3
[680] 3
[679] 3
[678] 3
[675] 3
[672] 3
[668] 3
[666] 3
[665] 3
[664] 3
[663] 3
[659] 3
[658] 3
[655] 3
[654] 3
[650] 3
[649] 3
[648] 3
[647] 3
[645] 3
[643] 3
[642] 3
[641] 3
[638] 3
[635] 3
[634] 3
[632] 3
[626] 3
[625] 3
[624] 3
[623] 3
[621] 3
[620] 3
[619] 3
[617] 3
[610] 3
[609] 3
[607] 3
[602] 3
[598] 3
[597] 3
[592] 3
[591] 3
[590] 3
[588] 3
[586] 3
[582] 3
[578] 3
[577] 3
[576] 3
[574] 3
[573] 3
[572] 3
[567] 3
[566] 3
[561] 3
[560] 3
[558] 3
[557] 3
[555] 3
[547] 3
[541] 3
[540] 3
[538] 3
[537] 3
[536] 3
[535] 3
[533] 3
[532] 3
[531] 3
[530] 3
[527] 3
[526] 3
[522] 3
[521] 3
[520] 3
[517] 3
[516] 3
[515] 3
[514] 3
[513] 3
[512] 3
[511] 3
[510] 3
[509] 3
[504] 3
[503] 3
[500] 3
[499] 3
[498] 3
[497] 3
[496] 3
[495] 3
[493] 3
[492] 3
[490] 3
[489] 3
[486] 3
[485] 3
[484] 3
[480] 3
[478] 3
[477] 3
[476] 3
[473] 3
[472] 3
[470] 3
[469] 3
[467] 3
[463] 3
[462] 3
[461] 3
[460] 3
[458] 3
[457] 3
[456] 3
[455] 3
[453] 3
[452] 3
[450] 3
[449] 3
[446] 3
[445] 3
[444] 3
[437] 3
[435] 3
[434] 3
[433] 3
[425] 3
[424] 3
[423] 3
[422] 3
[421] 3
[417] 3
[416] 3
[415] 3
[414] 3
[412] 3
[411] 3
[409] 3
[408] 3
[406] 3
[403] 3
[401] 3
[396] 3
[395] 3
[394] 3
[393] 3
[392] 3
[390] 3
[389] 3
[388] 3
[385] 3
[384] 3
[382] 3
[381] 3
[380] 3
[378] 3
[377] 3
[373] 3
[365] 3
[364] 3
[362] 3
[361] 3
[358] 3
[357] 3
[356] 3
[352] 3
[351] 3
[349] 3
[348] 3
[346] 3
[345] 3
[344] 3
[341] 3
[340] 3
[339] 3
[337] 3
[335] 3
[334] 3
[333] 3
[332] 3
[331] 3
[329] 3
[328] 3
[327] 3
[325] 3
[324] 3
[323] 3
[321] 3
[314] 3
[313] 3
[312] 3
[311] 3
[309] 3
[306] 3
[303] 3
[302] 3
[297] 3
[296] 3
[294] 3
[293] 3
[291] 3
[290] 3
[289] 3
[283] 3
[280] 3
[278] 3
[277] 3
[276] 3
[272] 3
[271] 3
[269] 3
[267] 3
[258] 3
[257] 3
[256] 3
[253] 3
[251] 3
[249] 3
[248] 3
[247] 3
[245] 3
[241] 3
[239] 3
[238] 3
[237] 3
[236] 3
[234] 3
[233] 3
[232] 3
[226] 3
[225] 3
[224] 3
[221] 3
[218] 3
[217] 3
[215] 3
[214] 3
[213] 3
[212] 3
[209] 3
[206] 3
[200] 3
[198] 3
[197] 3
[196] 3
[194] 3
[193] 3
[192] 3
[190] 3
[188] 3
[187] 3
[186] 3
[185] 3
[184] 3
[183] 3
[181] 3
[180] 3
[179] 3
[174] 3
[172] 3
[170] 3
[169] 3
[168] 3
[163] 3
[161] 3
[159] 3
[158] 3
[157] 3
[156] 3
[152] 3
[151] 3
[149] 3
[147] 3
[146] 3
[145] 3
[144] 3
[142] 3
[141] 3
[140] 3
[138] 3
[135] 3
[132] 3
[131] 3
[128] 3
[126] 3
[122] 3
[121] 3
[120] 3
[118] 3
[115] 3
[113] 3
[112] 3
[109] 3
[108] 3
[106] 3
[105] 3
[104] 3
[102] 3
[96] 3
[95] 3
[93] 3
[92] 3
[85] 3
[84] 3
[82] 3
[81] 3
[80] 3
[79] 3
[77] 3
[76] 3
[74] 3
[73] 3
[72] 3
[71] 3
[69] 3
[68] 3
[61] 3
[55] 3
[54] 3
[53] 3
[52] 3
[50] 3
[49] 3
[48] 3
[47] 3
[43] 3
[40] 3
[39] 3
[37] 3
[36] 3
[32] 3
[30] 3
[26] 3
[25] 3
[23] 3
[22] 3
[21] 3
[17] 3
[8] 3
[7] 3
[5] 3
[4] 3
[3] 3
[1] 3
[10805] 2
[10791] 2
[10786] 2
[10785] 2
[10780] 2
[10774] 2
[10773] 2
[10762] 2
[10759] 2
[10754] 2
[10753] 2
[10752] 2
[10748] 2
[10735] 2
[10733] 2
[10732] 2
[10728] 2
[10722] 2
[10703] 2
[10698] 2
[10697] 2
[10690] 2
[10679] 2
[10677] 2
[10676] 2
[10674] 2
[10672] 2
[10670] 2
[10664] 2
[10655] 2
[10644] 2
[10621] 2
[10603] 2
[10601] 2
[10594] 2
[10593] 2
[10585] 2
[10583] 2
[10578] 2
[10577] 2
[10570] 2
[10568] 2
[10567] 2
[10543] 2
[10533] 2
[10532] 2
[10526] 2
[10524] 2
[10514] 2
[10509] 2
[10508] 2
[10506] 2
[10505] 2
[10501] 2
[10499] 2
[10498] 2
[10493] 2
[10492] 2
[10490] 2
[10486] 2
[10485] 2
[10471] 2
[10469] 2
[10468] 2
[10464] 2
[10455] 2
[10437] 2
[10436] 2
[10428] 2
[10421] 2
[10413] 2
[10412] 2
[10410] 2
[10393] 2
[10392] 2
[10391] 2
[10383] 2
[10365] 2
[10364] 2
[10360] 2
[10359] 2
[10346] 2
[10345] 2
[10336] 2
[10330] 2
[10329] 2
[10322] 2
[10314] 2
[10305] 2
[10304] 2
[10277] 2
[10261] 2
[10260] 2
[10257] 2
[10244] 2
[10234] 2
[10228] 2
[10227] 2
[10225] 2
[10218] 2
[10215] 2
[10200] 2
[10199] 2
[10184] 2
[10183] 2
[10181] 2
[10180] 2
[10174] 2
[10164] 2
[10158] 2
[10156] 2
[10149] 2
[10141] 2
[10140] 2
[10137] 2
[10124] 2
[10123] 2
[10117] 2
[10116] 2
[10112] 2
[10111] 2
[10106] 2
[10098] 2
[10097] 2
[10096] 2
[10082] 2
[10080] 2
[10069] 2
[10061] 2
[10060] 2
[10053] 2
[10052] 2
[10047] 2
[10037] 2
[10036] 2
[10024] 2
[10023] 2
[10019] 2
[10018] 2
[10009] 2
[10007] 2
[10005] 2
[10004] 2
[9978] 2
[9975] 2
[9973] 2
[9972] 2
[9967] 2
[9965] 2
[9964] 2
[9959] 2
[9949] 2
[9948] 2
[9946] 2
[9936] 2
[9935] 2
[9933] 2
[9932] 2
[9930] 2
[9927] 2
[9919] 2
[9917] 2
[9916] 2
[9888] 2
[9887] 2
[9885] 2
[9884] 2
[9874] 2
[9859] 2
[9858] 2
[9840] 2
[9839] 2
[9834] 2
[9833] 2
[9810] 2
[9807] 2
[9800] 2
[9799] 2
[9797] 2
[9796] 2
[9783] 2
[9782] 2
[9771] 2
[9770] 2
[9762] 2
[9757] 2
[9756] 2
[9754] 2
[9743] 2
[9730] 2
[9729] 2
[9720] 2
[9708] 2
[9707] 2
[9706] 2
[9701] 2
[9700] 2
[9685] 2
[9684] 2
[9679] 2
[9672] 2
[9671] 2
[9669] 2
[9668] 2
[9666] 2
[9650] 2
[9642] 2
[9632] 2
[9628] 2
[9610] 2
[9608] 2
[9607] 2
[9592] 2
[9591] 2
[9589] 2
[9578] 2
[9559] 2
[9554] 2
[9551] 2
[9548] 2
[9543] 2
[9541] 2
[9540] 2
[9537] 2
[9536] 2
[9533] 2
[9530] 2
[9521] 2
[9514] 2
[9501] 2
[9500] 2
[9490] 2
[9482] 2
[9479] 2
[9468] 2
[9466] 2
[9465] 2
[9463] 2
[9460] 2
[9459] 2
[9453] 2
[9452] 2
[9445] 2
[9444] 2
[9442] 2
[9437] 2
[9436] 2
[9431] 2
[9430] 2
[9413] 2
[9402] 2
[9391] 2
[9389] 2
[9388] 2
[9383] 2
[9372] 2
[9367] 2
[9366] 2
[9365] 2
[9360] 2
[9359] 2
[9357] 2
[9356] 2
[9354] 2
[9344] 2
[9343] 2
[9317] 2
[9314] 2
[9303] 2
[9295] 2
[9292] 2
[9287] 2
[9282] 2
[9280] 2
[9279] 2
[9274] 2
[9273] 2
[9266] 2
[9256] 2
[9255] 2
[9237] 2
[9226] 2
[9223] 2
[9215] 2
[9210] 2
[9205] 2
[9204] 2
[9202] 2
[9196] 2
[9195] 2
[9194] 2
[9189] 2
[9188] 2
[9186] 2
[9185] 2
[9183] 2
[9181] 2
[9180] 2
[9146] 2
[9132] 2
[9127] 2
[9125] 2
[9124] 2
[9118] 2
[9117] 2
[9116] 2
[9112] 2
[9111] 2
[9109] 2
[9108] 2
[9106] 2
[9104] 2
[9096] 2
[9095] 2
[9092] 2
[9091] 2
[9090] 2
[9089] 2
[9055] 2
[9045] 2
[9044] 2
[9039] 2
[9034] 2
[9031] 2
[9026] 2
[9023] 2
[9020] 2
[9018] 2
[9016] 2
[9013] 2
[9012] 2
[8997] 2
[8996] 2
[8986] 2
[8967] 2
[8962] 2
[8951] 2
[8946] 2
[8941] 2
[8940] 2
[8939] 2
[8937] 2
[8935] 2
[8932] 2
[8927] 2
[8909] 2
[8908] 2
[8864] 2
[8863] 2
[8861] 2
[8858] 2
[8855] 2
[8849] 2
[8848] 2
[8847] 2
[8837] 2
[8836] 2
[8832] 2
[8831] 2
[8829] 2
[8828] 2
[8821] 2
[8807] 2
[8786] 2
[8775] 2
[8773] 2
[8772] 2
[8770] 2
[8764] 2
[8760] 2
[8759] 2
[8751] 2
[8750] 2
[8749] 2
[8748] 2
[8744] 2
[8743] 2
[8730] 2
[8727] 2
[8716] 2
[8698] 2
[8690] 2
[8686] 2
[8674] 2
[8672] 2
[8671] 2
[8656] 2
[8655] 2
[8640] 2
[8639] 2
[8628] 2
[8609] 2
[8602] 2
[8600] 2
[8597] 2
[8596] 2
[8594] 2
[8586] 2
[8578] 2
[8568] 2
[8565] 2
[8564] 2
[8552] 2
[8540] 2
[8521] 2
[8517] 2
[8509] 2
[8508] 2
[8495] 2
[8491] 2
[8488] 2
[8487] 2
[8463] 2
[8445] 2
[8444] 2
[8432] 2
[8431] 2
[8413] 2
[8410] 2
[8403] 2
[8402] 2
[8399] 2
[8391] 2
[8386] 2
[8380] 2
[8375] 2
[8364] 2
[8346] 2
[8345] 2
[8330] 2
[8325] 2
[8321] 2
[8311] 2
[8310] 2
[8304] 2
[8288] 2
[8282] 2
[8271] 2
[8269] 2
[8268] 2
[8260] 2
[8253] 2
[8245] 2
[8233] 2
[8226] 2
[8224] 2
[8223] 2
[8215] 2
[8211] 2
[8199] 2
[8191] 2
[8183] 2
[8181] 2
[8180] 2
[8157] 2
[8156] 2
[8154] 2
[8151] 2
[8146] 2
[8143] 2
[8140] 2
[8139] 2
[8133] 2
[8132] 2
[8121] 2
[8114] 2
[8113] 2
[8111] 2
[8106] 2
[8104] 2
[8103] 2
[8095] 2
[8071] 2
[8069] 2
[8068] 2
[8063] 2
[8062] 2
[8050] 2
[8045] 2
[8039] 2
[8037] 2
[8036] 2
[8034] 2
[8026] 2
[8023] 2
[8012] 2
[8011] 2
[7994] 2
[7986] 2
[7983] 2
[7981] 2
[7980] 2
[7975] 2
[7969] 2
[7962] 2
[7949] 2
[7948] 2
[7947] 2
[7946] 2
[7943] 2
[7934] 2
[7930] 2
[7919] 2
[7906] 2
[7898] 2
[7893] 2
[7892] 2
[7885] 2
[7874] 2
[7872] 2
[7871] 2
[7866] 2
[7865] 2
[7859] 2
[7846] 2
[7842] 2
[7829] 2
[7818] 2
[7816] 2
[7804] 2
[7798] 2
[7797] 2
[7788] 2
[7778] 2
[7773] 2
[7772] 2
[7769] 2
[7765] 2
[7754] 2
[7735] 2
[7728] 2
[7721] 2
[7709] 2
[7701] 2
[7700] 2
[7698] 2
[7696] 2
[7694] 2
[7693] 2
[7687] 2
[7677] 2
[7676] 2
[7671] 2
[7670] 2
[7666] 2
[7650] 2
[7647] 2
[7644] 2
[7639] 2
[7623] 2
[7608] 2
[7607] 2
[7589] 2
[7578] 2
[7570] 2
[7567] 2
[7566] 2
[7541] 2
[7540] 2
[7531] 2
[7524] 2
[7517] 2
[7516] 2
[7506] 2
[7505] 2
[7498] 2
[7490] 2
[7489] 2
[7479] 2
[7463] 2
[7452] 2
[7421] 2
[7420] 2
[7413] 2
[7410] 2
[7401] 2
[7376] 2
[7375] 2
[7369] 2
[7367] 2
[7353] 2
[7352] 2
[7351] 2
[7332] 2
[7325] 2
[7324] 2
[7319] 2
[7318] 2
[7308] 2
[7298] 2
[7289] 2
[7281] 2
[7279] 2
[7277] 2
[7256] 2
[7255] 2
[7242] 2
[7230] 2
[7226] 2
[7225] 2
[7221] 2
[7220] 2
[7204] 2
[7201] 2
[7200] 2
[7194] 2
[7188] 2
[7168] 2
[7167] 2
[7153] 2
[7149] 2
[7143] 2
[7124] 2
[7122] 2
[7117] 2
[7116] 2
[7114] 2
[7112] 2
[7080] 2
[7079] 2
[7077] 2
[7071] 2
[7066] 2
[7065] 2
[7061] 2
[7060] 2
[7037] 2
[7036] 2
[7035] 2
[7029] 2
[7028] 2
[7018] 2
[7002] 2
[7001] 2
[6992] 2
[6991] 2
[6989] 2
[6984] 2
[6978] 2
[6977] 2
[6957] 2
[6951] 2
[6949] 2
[6948] 2
[6946] 2
[6941] 2
[6940] 2
[6938] 2
[6925] 2
[6924] 2
[6915] 2
[6913] 2
[6906] 2
[6903] 2
[6900] 2
[6890] 2
[6889] 2
[6874] 2
[6873] 2
[6864] 2
[6861] 2
[6860] 2
[6853] 2
[6837] 2
[6836] 2
[6827] 2
[6826] 2
[6823] 2
[6815] 2
[6814] 2
[6812] 2
[6785] 2
[6784] 2
[6783] 2
[6776] 2
[6775] 2
[6773] 2
[6754] 2
[6746] 2
[6743] 2
[6738] 2
[6737] 2
[6736] 2
[6735] 2
[6732] 2
[6727] 2
[6725] 2
[6724] 2
[6717] 2
[6716] 2
[6708] 2
[6698] 2
[6696] 2
[6695] 2
[6692] 2
[6677] 2
[6674] 2
[6666] 2
[6660] 2
[6658] 2
[6652] 2
[6649] 2
[6648] 2
[6640] 2
[6639] 2
[6632] 2
[6621] 2
[6620] 2
[6614] 2
[6597] 2
[6589] 2
[6586] 2
[6581] 2
[6572] 2
[6562] 2
[6556] 2
[6552] 2
[6545] 2
[6544] 2
[6538] 2
[6537] 2
[6533] 2
[6532] 2
[6527] 2
[6512] 2
[6509] 2
[6501] 2
[6495] 2
[6487] 2
[6482] 2
[6475] 2
[6473] 2
[6469] 2
[6461] 2
[6455] 2
[6449] 2
[6445] 2
[6444] 2
[6432] 2
[6421] 2
[6418] 2
[6410] 2
[6405] 2
[6404] 2
[6397] 2
[6391] 2
[6386] 2
[6385] 2
[6380] 2
[6378] 2
[6377] 2
[6376] 2
[6375] 2
[6373] 2
[6372] 2
[6369] 2
[6367] 2
[6330] 2
[6327] 2
[6317] 2
[6309] 2
[6301] 2
[6300] 2
[6299] 2
[6297] 2
[6296] 2
[6292] 2
[6291] 2
[6290] 2
[6287] 2
[6280] 2
[6279] 2
[6274] 2
[6273] 2
[6253] 2
[6247] 2
[6240] 2
[6239] 2
[6221] 2
[6220] 2
[6215] 2
[6213] 2
[6212] 2
[6211] 2
[6203] 2
[6197] 2
[6185] 2
[6169] 2
[6162] 2
[6136] 2
[6135] 2
[6134] 2
[6133] 2
[6122] 2
[6121] 2
[6120] 2
[6109] 2
[6100] 2
[6093] 2
[6092] 2
[6088] 2
[6082] 2
[6050] 2
[6045] 2
[6044] 2
[6039] 2
[6037] 2
[6036] 2
[6034] 2
[6032] 2
[6028] 2
[6024] 2
[6023] 2
[6020] 2
[6016] 2
[6012] 2
[6004] 2
[6002] 2
[5991] 2
[5962] 2
[5960] 2
[5956] 2
[5955] 2
[5943] 2
[5940] 2
[5935] 2
[5928] 2
[5927] 2
[5922] 2
[5921] 2
[5914] 2
[5913] 2
[5912] 2
[5911] 2
[5900] 2
[5885] 2
[5881] 2
[5879] 2
[5872] 2
[5871] 2
[5858] 2
[5852] 2
[5851] 2
[5844] 2
[5836] 2
[5829] 2
[5828] 2
[5823] 2
[5820] 2
[5808] 2
[5805] 2
[5804] 2
[5795] 2
[5781] 2
[5780] 2
[5775] 2
[5759] 2
[5758] 2
[5757] 2
[5752] 2
[5748] 2
[5747] 2
[5746] 2
[5740] 2
[5735] 2
[5716] 2
[5680] 2
[5679] 2
[5676] 2
[5675] 2
[5671] 2
[5664] 2
[5658] 2
[5657] 2
[5643] 2
[5640] 2
[5639] 2
[5599] 2
[5594] 2
[5593] 2
[5587] 2
[5581] 2
[5580] 2
[5575] 2
[5572] 2
[5560] 2
[5559] 2
[5546] 2
[5541] 2
[5540] 2
[5517] 2
[5516] 2
[5511] 2
[5510] 2
[5503] 2
[5498] 2
[5495] 2
[5492] 2
[5484] 2
[5477] 2
[5476] 2
[5469] 2
[5468] 2
[5467] 2
[5466] 2
[5464] 2
[5463] 2
[5455] 2
[5434] 2
[5418] 2
[5417] 2
[5416] 2
[5415] 2
[5408] 2
[5399] 2
[5396] 2
[5395] 2
[5394] 2
[5391] 2
[5386] 2
[5378] 2
[5376] 2
[5341] 2
[5340] 2
[5339] 2
[5338] 2
[5335] 2
[5330] 2
[5327] 2
[5319] 2
[5317] 2
[5316] 2
[5313] 2
[5312] 2
[5303] 2
[5302] 2
[5301] 2
[5299] 2
[5295] 2
[5290] 2
[5266] 2
[5265] 2
[5252] 2
[5235] 2
[5234] 2
[5221] 2
[5220] 2
[5219] 2
[5218] 2
[5213] 2
[5212] 2
[5206] 2
[5189] 2
[5188] 2
[5178] 2
[5177] 2
[5176] 2
[5175] 2
[5148] 2
[5143] 2
[5136] 2
[5135] 2
[5129] 2
[5127] 2
[5115] 2
[5114] 2
[5101] 2
[5100] 2
[5076] 2
[5071] 2
[5065] 2
[5058] 2
[5055] 2
[5054] 2
[5053] 2
[5050] 2
[5047] 2
[5041] 2
[5039] 2
[5024] 2
[5023] 2
[5013] 2
[5012] 2
[5000] 2
[4999] 2
[4988] 2
[4978] 2
[4972] 2
[4971] 2
[4970] 2
[4965] 2
[4964] 2
[4962] 2
[4950] 2
[4949] 2
[4930] 2
[4924] 2
[4911] 2
[4900] 2
[4895] 2
[4894] 2
[4893] 2
[4882] 2
[4879] 2
[4872] 2
[4871] 2
[4866] 2
[4865] 2
[4850] 2
[4847] 2
[4836] 2
[4835] 2
[4834] 2
[4823] 2
[4807] 2
[4802] 2
[4789] 2
[4774] 2
[4773] 2
[4761] 2
[4759] 2
[4730] 2
[4724] 2
[4711] 2
[4701] 2
[4700] 2
[4684] 2
[4682] 2
[4671] 2
[4648] 2
[4647] 2
[4637] 2
[4631] 2
[4624] 2
[4620] 2
[4615] 2
[4609] 2
[4608] 2
[4605] 2
[4596] 2
[4594] 2
[4572] 2
[4562] 2
[4559] 2
[4554] 2
[4546] 2
[4543] 2
[4520] 2
[4519] 2
[4517] 2
[4516] 2
[4514] 2
[4513] 2
[4503] 2
[4495] 2
[4483] 2
[4482] 2
[4474] 2
[4466] 2
[4463] 2
[4455] 2
[4440] 2
[4439] 2
[4426] 2
[4425] 2
[4421] 2
[4420] 2
[4407] 2
[4397] 2
[4389] 2
[4383] 2
[4378] 2
[4364] 2
[4361] 2
[4351] 2
[4350] 2
[4348] 2
[4344] 2
[4338] 2
[4320] 2
[4319] 2
[4314] 2
[4307] 2
[4306] 2
[4287] 2
[4279] 2
[4275] 2
[4274] 2
[4273] 2
[4272] 2
[4266] 2
[4261] 2
[4260] 2
[4256] 2
[4255] 2
[4231] 2
[4204] 2
[4203] 2
[4202] 2
[4196] 2
[4185] 2
[4184] 2
[4179] 2
[4175] 2
[4173] 2
[4172] 2
[4143] 2
[4142] 2
[4141] 2
[4127] 2
[4122] 2
[4114] 2
[4108] 2
[4101] 2
[4100] 2
[4099] 2
[4098] 2
[4095] 2
[4086] 2
[4085] 2
[4084] 2
[4069] 2
[4068] 2
[4066] 2
[4058] 2
[4039] 2
[4038] 2
[4037] 2
[4023] 2
[4018] 2
[3996] 2
[3981] 2
[3980] 2
[3978] 2
[3946] 2
[3945] 2
[3938] 2
[3934] 2
[3933] 2
[3932] 2
[3931] 2
[3930] 2
[3921] 2
[3920] 2
[3916] 2
[3905] 2
[3903] 2
[3901] 2
[3893] 2
[3887] 2
[3869] 2
[3868] 2
[3862] 2
[3861] 2
[3858] 2
[3857] 2
[3847] 2
[3845] 2
[3843] 2
[3842] 2
[3836] 2
[3831] 2
[3828] 2
[3827] 2
[3823] 2
[3816] 2
[3815] 2
[3809] 2
[3781] 2
[3780] 2
[3767] 2
[3758] 2
[3754] 2
[3751] 2
[3747] 2
[3745] 2
[3740] 2
[3739] 2
[3733] 2
[3732] 2
[3728] 2
[3727] 2
[3722] 2
[3697] 2
[3696] 2
[3682] 2
[3677] 2
[3670] 2
[3669] 2
[3663] 2
[3658] 2
[3657] 2
[3656] 2
[3655] 2
[3650] 2
[3644] 2
[3642] 2
[3641] 2
[3640] 2
[3639] 2
[3593] 2
[3583] 2
[3582] 2
[3573] 2
[3572] 2
[3568] 2
[3567] 2
[3565] 2
[3551] 2
[3517] 2
[3511] 2
[3506] 2
[3505] 2
[3504] 2
[3495] 2
[3492] 2
[3491] 2
[3490] 2
[3487] 2
[3486] 2
[3485] 2
[3482] 2
[3477] 2
[3476] 2
[3475] 2
[3474] 2
[3469] 2
[3468] 2
[3449] 2
[3448] 2
[3442] 2
[3441] 2
[3423] 2
[3418] 2
[3417] 2
[3415] 2
[3413] 2
[3407] 2
[3406] 2
[3405] 2
[3398] 2
[3394] 2
[3392] 2
[3380] 2
[3329] 2
[3322] 2
[3317] 2
[3316] 2
[3315] 2
[3314] 2
[3304] 2
[3301] 2
[3300] 2
[3288] 2
[3287] 2
[3284] 2
[3283] 2
[3277] 2
[3276] 2
[3253] 2
[3241] 2
[3240] 2
[3239] 2
[3229] 2
[3227] 2
[3215] 2
[3212] 2
[3211] 2
[3207] 2
[3204] 2
[3176] 2
[3175] 2
[3165] 2
[3164] 2
[3154] 2
[3151] 2
[3150] 2
[3149] 2
[3143] 2
[3138] 2
[3136] 2
[3127] 2
[3123] 2
[3122] 2
[3117] 2
[3116] 2
[3108] 2
[3107] 2
[3106] 2
[3100] 2
[3095] 2
[3087] 2
[3074] 2
[3073] 2
[3065] 2
[3047] 2
[3046] 2
[3039] 2
[3031] 2
[3028] 2
[3024] 2
[3004] 2
[3003] 2
[2996] 2
[2989] 2
[2978] 2
[2975] 2
[2970] 2
[2967] 2
[2953] 2
[2952] 2
[2951] 2
[2947] 2
[2943] 2
[2942] 2
[2934] 2
[2919] 2
[2908] 2
[2875] 2
[2874] 2
[2871] 2
[2870] 2
[2866] 2
[2863] 2
[2859] 2
[2847] 2
[2846] 2
[2838] 2
[2831] 2
[2824] 2
[2807] 2
[2802] 2
[2801] 2
[2794] 2
[2788] 2
[2782] 2
[2781] 2
[2770] 2
[2767] 2
[2759] 2
[2756] 2
[2755] 2
[2754] 2
[2748] 2
[2743] 2
[2725] 2
[2724] 2
[2711] 2
[2706] 2
[2705] 2
[2698] 2
[2690] 2
[2687] 2
[2682] 2
[2679] 2
[2672] 2
[2662] 2
[2661] 2
[2660] 2
[2650] 2
[2642] 2
[2629] 2
[2628] 2
[2612] 2
[2611] 2
[2610] 2
[2602] 2
[2599] 2
[2594] 2
[2591] 2
[2590] 2
[2582] 2
[2578] 2
[2567] 2
[2559] 2
[2548] 2
[2540] 2
[2537] 2
[2536] 2
[2535] 2
[2534] 2
[2530] 2
[2525] 2
[2514] 2
[2511] 2
[2508] 2
[2507] 2
[2505] 2
[2497] 2
[2489] 2
[2483] 2
[2463] 2
[2461] 2
[2447] 2
[2434] 2
[2430] 2
[2429] 2
[2418] 2
[2415] 2
[2414] 2
[2413] 2
[2407] 2
[2402] 2
[2391] 2
[2390] 2
[2383] 2
[2372] 2
[2371] 2
[2370] 2
[2362] 2
[2361] 2
[2357] 2
[2343] 2
[2338] 2
[2330] 2
[2310] 2
[2303] 2
[2302] 2
[2298] 2
[2274] 2
[2273] 2
[2271] 2
[2266] 2
[2260] 2
[2258] 2
[2253] 2
[2250] 2
[2249] 2
[2241] 2
[2225] 2
[2215] 2
[2197] 2
[2195] 2
[2194] 2
[2182] 2
[2181] 2
[2173] 2
[2172] 2
[2167] 2
[2166] 2
[2165] 2
[2154] 2
[2153] 2
[2145] 2
[2138] 2
[2137] 2
[2122] 2
[2121] 2
[2120] 2
[2119] 2
[2109] 2
[2108] 2
[2106] 2
[2094] 2
[2093] 2
[2092] 2
[2090] 2
[2089] 2
[2077] 2
[2074] 2
[2066] 2
[2050] 2
[2049] 2
[2045] 2
[2044] 2
[2034] 2
[2033] 2
[2031] 2
[2030] 2
[2021] 2
[2020] 2
[2017] 2
[2016] 2
[2015] 2
[2007] 2
[2002] 2
[1997] 2
[1972] 2
[1969] 2
[1962] 2
[1961] 2
[1957] 2
[1956] 2
[1946] 2
[1945] 2
[1933] 2
[1932] 2
[1930] 2
[1929] 2
[1925] 2
[1924] 2
[1919] 2
[1885] 2
[1884] 2
[1856] 2
[1847] 2
[1844] 2
[1843] 2
[1841] 2
[1832] 2
[1831] 2
[1826] 2
[1815] 2
[1810] 2
[1807] 2
[1804] 2
[1797] 2
[1796] 2
[1781] 2
[1780] 2
[1779] 2
[1770] 2
[1768] 2
[1759] 2
[1753] 2
[1749] 2
[1737] 2
[1727] 2
[1711] 2
[1704] 2
[1703] 2
[1698] 2
[1697] 2
[1690] 2
[1682] 2
[1681] 2
[1679] 2
[1678] 2
[1669] 2
[1668] 2
[1666] 2
[1661] 2
[1650] 2
[1647] 2
[1635] 2
[1634] 2
[1628] 2
[1605] 2
[1604] 2
[1599] 2
[1589] 2
[1588] 2
[1578] 2
[1573] 2
[1559] 2
[1556] 2
[1551] 2
[1546] 2
[1545] 2
[1538] 2
[1537] 2
[1533] 2
[1527] 2
[1511] 2
[1503] 2
[1502] 2
[1501] 2
[1490] 2
[1474] 2
[1470] 2
[1469] 2
[1456] 2
[1450] 2
[1449] 2
[1439] 2
[1434] 2
[1433] 2
[1428] 2
[1427] 2
[1426] 2
[1399] 2
[1398] 2
[1397] 2
[1386] 2
[1380] 2
[1370] 2
[1369] 2
[1364] 2
[1363] 2
[1362] 2
[1357] 2
[1356] 2
[1351] 2
[1341] 2
[1340] 2
[1337] 2
[1325] 2
[1322] 2
[1314] 2
[1309] 2
[1294] 2
[1293] 2
[1292] 2
[1287] 2
[1281] 2
[1279] 2
[1263] 2
[1260] 2
[1253] 2
[1252] 2
[1234] 2
[1233] 2
[1232] 2
[1231] 2
[1210] 2
[1205] 2
[1204] 2
[1202] 2
[1193] 2
[1192] 2
[1191] 2
[1186] 2
[1185] 2
[1183] 2
[1162] 2
[1143] 2
[1140] 2
[1133] 2
[1129] 2
[1122] 2
[1121] 2
[1117] 2
[1116] 2
[1115] 2
[1111] 2
[1109] 2
[1108] 2
[1106] 2
[1100] 2
[1095] 2
[1093] 2
[1092] 2
[1088] 2
[1087] 2
[1086] 2
[1063] 2
[1057] 2
[1053] 2
[1052] 2
[1045] 2
[1039] 2
[1037] 2
[1031] 2
[1028] 2
[1023] 2
[1017] 2
[1012] 2
[1010] 2
[994] 2
[993] 2
[983] 2
[975] 2
[954] 2
[953] 2
[949] 2
[943] 2
[942] 2
[940] 2
[934] 2
[930] 2
[924] 2
[906] 2
[905] 2
[892] 2
[865] 2
[863] 2
[861] 2
[858] 2
[853] 2
[852] 2
[846] 2
[845] 2
[844] 2
[841] 2
[837] 2
[836] 2
[834] 2
[829] 2
[828] 2
[818] 2
[815] 2
[789] 2
[788] 2
[777] 2
[776] 2
[775] 2
[773] 2
[770] 2
[769] 2
[765] 2
[764] 2
[759] 2
[757] 2
[756] 2
[754] 2
[748] 2
[747] 2
[746] 2
[741] 2
[740] 2
[724] 2
[713] 2
[712] 2
[701] 2
[700] 2
[698] 2
[696] 2
[695] 2
[687] 2
[669] 2
[653] 2
[652] 2
[644] 2
[637] 2
[633] 2
[618] 2
[613] 2
[612] 2
[608] 2
[601] 2
[600] 2
[599] 2
[593] 2
[589] 2
[583] 2
[575] 2
[565] 2
[559] 2
[556] 2
[549] 2
[525] 2
[524] 2
[506] 2
[505] 2
[488] 2
[479] 2
[471] 2
[468] 2
[448] 2
[436] 2
[429] 2
[428] 2
[418] 2
[413] 2
[410] 2
[407] 2
[402] 2
[400] 2
[391] 2
[383] 2
[372] 2
[371] 2
[369] 2
[360] 2
[338] 2
[330] 2
[322] 2
[319] 2
[318] 2
[308] 2
[307] 2
[301] 2
[300] 2
[295] 2
[292] 2
[285] 2
[284] 2
[281] 2
[279] 2
[268] 2
[261] 2
[260] 2
[250] 2
[242] 2
[230] 2
[223] 2
[220] 2
[208] 2
[205] 2
[204] 2
[199] 2
[191] 2
[173] 2
[162] 2
[154] 2
[153] 2
[148] 2
[143] 2
[137] 2
[136] 2
[129] 2
[127] 2
[119] 2
[117] 2
[116] 2
[114] 2
[110] 2
[103] 2
[66] 2
[65] 2
[60] 2
[59] 2
[58] 2
[41] 2
[34] 2
[33] 2
[31] 2
[29] 2
[28] 2
[20] 2
[19] 2
[18] 2
[2] 2
[10751] 1
[10663] 1
[10645] 1
[10620] 1
[10602] 1
[10586] 1
[10525] 1
[10500] 1
[10423] 1
[10422] 1
[10394] 1
[10335] 1
[10306] 1
[10303] 1
[10258] 1
[10252] 1
[10245] 1
[10229] 1
[10175] 1
[10157] 1
[10138] 1
[10095] 1
[10087] 1
[10081] 1
[10010] 1
[9719] 1
[9631] 1
[9522] 1
[9103] 1
[9014] 1
[8850] 1
[8844] 1
[8767] 1
[8687] 1
[8679] 1
[8673] 1
[8610] 1
[8599] 1
[8567] 1
[8551] 1
[8522] 1
[8490] 1
[8322] 1
[8303] 1
[8287] 1
[8234] 1
[8210] 1
[8122] 1
[7935] 1
[7858] 1
[7847] 1
[7815] 1
[7770] 1
[7727] 1
[7695] 1
[7618] 1
[7617] 1
[7594] 1
[7593] 1
[7530] 1
[7453] 1
[7447] 1
[7429] 1
[7428] 1
[7402] 1
[7370] 1
[7359] 1
[7333] 1
[7290] 1
[7276] 1
[7231] 1
[7205] 1
[7202] 1
[7199] 1
[7154] 1
[7148] 1
[7125] 1
[7111] 1
[7034] 1
[6983] 1
[6914] 1
[6863] 1
[6813] 1
[6786] 1
[6709] 1
[6615] 1
[6551] 1
[6474] 1
[6468] 1
[6450] 1
[6368] 1
[6308] 1
[6298] 1
[6210] 1
[6204] 1
[6196] 1
[6170] 1
[6127] 1
[6108] 1
[6031] 1
[6005] 1
[5959] 1
[5882] 1
[5863] 1
[5794] 1
[5751] 1
[5717] 1
[5663] 1
[5586] 1
[5407] 1
[5375] 1
[5298] 1
[5207] 1
[5130] 1
[5042] 1
[4788] 1
[4762] 1
[4685] 1
[4623] 1
[4597] 1
[4485] 1
[4484] 1
[4349] 1
[4343] 1
[4178] 1
[4087] 1
[4010] 1
[4009] 1
[4008] 1
[4007] 1
[3922] 1
[3919] 1
[3904] 1
[3844] 1
[3810] 1
[3759] 1
[3746] 1
[3671] 1
[3668] 1
[3645] 1
[3594] 1
[3581] 1
[3580] 1
[3564] 1
[3563] 1
[3562] 1
[3503] 1
[3399] 1
[3391] 1
[3365] 1
[3364] 1
[3330] 1
[3303] 1
[3252] 1
[3226] 1
[3223] 1
[3200] 1
[3199] 1
[3135] 1
[3066] 1
[3058] 1
[3023] 1
[2946] 1
[2935] 1
[2858] 1
[2671] 1
[2583] 1
[2522] 1
[2506] 1
[2490] 1
[2460] 1
[2242] 1
[2226] 1
[2196] 1
[2183] 1
[2095] 1
[2018] 1
[1855] 1
[1842] 1
[1767] 1
[1754] 1
[1738] 1
[1677] 1
[1676] 1
[1282] 1
[1114] 1
[1018] 1
[1011] 1
[941] 1
[935] 1
[866] 1
[847] 1
[677] 1
[676] 1
[671] 1
[670] 1
[636] 1
[594] 1
[564] 1
[548] 1
[487] 1
[447] 1
[399] 1
[370] 1
[359] 1
[282] 1
[231] 1
[207] 1
[130] 1
[111] 1
[42] 1
